Date	DayCount	NumberPlants	LeafAreaIndex
2013-01-01	1	0	0
2013-01-02	2	0	0
2013-01-03	3	0	0
2013-01-04	4	0	0
2013-01-05	5	0	0
2013-01-06	6	0	0
2013-01-07	7	0	0
2013-01-08	8	0	0
2013-01-09	9	0	0
2013-01-10	10	0	0
2013-01-11	11	0	0
2013-01-12	12	0	0
2013-01-13	13	0	0
2013-01-14	14	0	0
2013-01-15	15	0	0
2013-01-16	16	0	0
2013-01-17	17	0	0
2013-01-18	18	0	0
2013-01-19	19	0	0
2013-01-20	20	0	0
2013-01-21	21	0	0
2013-01-22	22	0	0
2013-01-23	23	0	0
2013-01-24	24	0	0
2013-01-25	25	0	0
2013-01-26	26	0	0
2013-01-27	27	0	0
2013-01-28	28	0	0
2013-01-29	29	0	0
2013-01-30	30	0	0
2013-01-31	31	0	0
2013-02-01	32	0	0
2013-02-02	33	0	0
2013-02-03	34	0	0
2013-02-04	35	0	0
2013-02-05	36	0	0
2013-02-06	37	0	0
2013-02-07	38	0	0
2013-02-08	39	0	0
2013-02-09	40	0	0
2013-02-10	41	0	0
2013-02-11	42	0	0
2013-02-12	43	0	0
2013-02-13	44	0	0
2013-02-14	45	0	0
2013-02-15	46	0	0
2013-02-16	47	0	0
2013-02-17	48	0	0
2013-02-18	49	0	0
2013-02-19	50	0	0
2013-02-20	51	0	0
2013-02-21	52	0	0
2013-02-22	53	0	0
2013-02-23	54	0	0
2013-02-24	55	0	0
2013-02-25	56	0	0
2013-02-26	57	0	0
2013-02-27	58	0	0
2013-02-28	59	0	0
2013-03-01	60	0	0
2013-03-02	61	0	0
2013-03-03	62	0	0
2013-03-04	63	0	0
2013-03-05	64	0	0
2013-03-06	65	0	0
2013-03-07	66	0	0
2013-03-08	67	0	0
2013-03-09	68	0	0
2013-03-10	69	0	0
2013-03-11	70	0	0
2013-03-12	71	0	0
2013-03-13	72	0	0
2013-03-14	73	0	0
2013-03-15	74	0	0
2013-03-16	75	0	0
2013-03-17	76	0	0
2013-03-18	77	0	0
2013-03-19	78	0	0
2013-03-20	79	0	0
2013-03-21	80	0	0
2013-03-22	81	0	0
2013-03-23	82	0	0
2013-03-24	83	0	0
2013-03-25	84	0	0
2013-03-26	85	0	0
2013-03-27	86	0	0
2013-03-28	87	0	0
2013-03-29	88	0	0
2013-03-30	89	0	0
2013-03-31	90	0	0
2013-04-01	91	0	0
2013-04-02	92	0	0
2013-04-03	93	0	0
2013-04-04	94	0	0
2013-04-05	95	0	0
2013-04-06	96	0	0
2013-04-07	97	0	0
2013-04-08	98	0	0
2013-04-09	99	0	0
2013-04-10	100	0	0
2013-04-11	101	0	0
2013-04-12	102	0	0
2013-04-13	103	0	0
2013-04-14	104	15	2.63956
2013-04-15	105	15	3.85257
2013-04-16	106	15	5.67511
2013-04-17	107	15	8.34914
2013-04-18	108	15	12.6459
2013-04-19	109	15	19.0397
2013-04-20	110	15	26.5667
2013-04-21	111	15	40.5563
2013-04-22	112	15	60.705
2013-04-23	113	14	78.1189
2013-04-24	114	14	120.876
2013-04-25	115	14	187.962
2013-04-26	116	14	292.544
2013-04-27	117	14	340.828
2013-04-28	118	14	499.008
2013-04-29	119	14	746.639
2013-04-30	120	14	1103.54
2013-05-01	121	14	1621.92
2013-05-02	122	14	2262.55
2013-05-03	123	14	3371.58
2013-05-04	124	14	4916.92
2013-05-05	125	14	7613.97
2013-05-06	126	14	11615.6
2013-05-07	127	14	16554.9
2013-05-08	128	14	25285.5
2013-05-09	129	14	38168.8
2013-05-10	130	14	54896.2
2013-05-11	131	14	79412.7
2013-05-12	132	14	111907
2013-05-13	133	14	144889
2013-05-14	134	14	198537
2013-05-15	135	14	275411
2013-05-16	136	14	369894
2013-05-17	137	14	484979
2013-05-18	138	14	561825
2013-05-19	139	14	713615
2013-05-20	140	14	862220
2013-05-21	141	14	1.0526e+06
2013-05-22	142	14	1.15305e+06
2013-05-23	143	14	1.3808e+06
2013-05-24	144	14	1.54144e+06
2013-05-25	145	14	1.80582e+06
2013-05-26	146	14	1.87875e+06
2013-05-27	147	14	2.02419e+06
2013-05-28	148	14	2.36247e+06
2013-05-29	149	14	2.72176e+06
2013-05-30	150	14	3.01488e+06
2013-05-31	151	14	3.26147e+06
2013-06-01	152	14	3.56299e+06
2013-06-02	153	14	3.76252e+06
2013-06-03	154	14	4.16605e+06
2013-06-04	155	14	4.61332e+06
2013-06-05	156	14	5.34745e+06
2013-06-06	157	14	6.10209e+06
2013-06-07	158	14	6.91771e+06
2013-06-08	159	14	7.72106e+06
2013-06-09	160	14	8.53838e+06
2013-06-10	161	14	9.37935e+06
2013-06-11	162	14	1.03632e+07
2013-06-12	163	14	1.14704e+07
2013-06-13	164	14	1.25782e+07
2013-06-14	165	14	1.36997e+07
2013-06-15	166	14	1.4937e+07
2013-06-16	167	14	1.63206e+07
2013-06-17	168	14	1.78701e+07
2013-06-18	169	14	1.94898e+07
2013-06-19	170	14	2.11323e+07
2013-06-20	171	14	2.28414e+07
2013-06-21	172	14	2.46624e+07
2013-06-22	173	13	2.64757e+07
2013-06-23	174	13	2.83626e+07
2013-06-24	175	13	3.02322e+07
2013-06-25	176	13	3.15066e+07
2013-06-26	177	13	3.3151e+07
2013-06-27	178	13	3.55198e+07
2013-06-28	179	13	3.78871e+07
2013-06-29	180	13	3.89054e+07
2013-06-30	181	13	4.07117e+07
2013-07-01	182	13	4.34567e+07
2013-07-02	183	13	4.60784e+07
2013-07-03	184	13	4.86616e+07
2013-07-04	185	13	5.10949e+07
2013-07-05	186	13	5.38533e+07
2013-07-06	187	13	5.68736e+07
2013-07-07	188	13	6.04312e+07
2013-07-08	189	13	6.40313e+07
2013-07-09	190	13	6.74722e+07
2013-07-10	191	13	7.10675e+07
2013-07-11	192	13	7.41143e+07
2013-07-12	193	13	7.76889e+07
2013-07-13	194	13	8.12369e+07
2013-07-14	195	13	8.41851e+07
2013-07-15	196	13	8.79873e+07
2013-07-16	197	13	9.244e+07
2013-07-17	198	13	9.66174e+07
2013-07-18	199	13	1.00803e+08
2013-07-19	200	13	1.05462e+08
2013-07-20	201	13	1.08935e+08
2013-07-21	202	13	1.13938e+08
2013-07-22	203	13	1.18901e+08
2013-07-23	204	13	1.23788e+08
2013-07-24	205	13	1.28429e+08
2013-07-25	206	13	1.33029e+08
2013-07-26	207	13	1.37573e+08
2013-07-27	208	13	1.42134e+08
2013-07-28	209	13	1.46602e+08
2013-07-29	210	13	1.50331e+08
2013-07-30	211	13	1.55383e+08
2013-07-31	212	13	1.592e+08
2013-08-01	213	13	1.9829e+06
2013-08-02	214	13	1.98219e+06
2013-08-03	215	13	1.98144e+06
2013-08-04	216	13	1.98067e+06
2013-08-05	217	13	1.97987e+06
2013-08-06	218	13	1.97905e+06
2013-08-07	219	13	1.9782e+06
2013-08-08	220	13	1.97732e+06
2013-08-09	221	13	1.97643e+06
2013-08-10	222	13	1.9755e+06
2013-08-11	223	13	1.97456e+06
2013-08-12	224	13	1.97359e+06
2013-08-13	225	13	1.99607e+06
2013-08-14	226	13	2.02089e+06
2013-08-15	227	13	2.01986e+06
2013-08-16	228	13	2.0188e+06
2013-08-17	229	13	2.01773e+06
2013-08-18	230	13	2.01663e+06
2013-08-19	231	13	2.01552e+06
2013-08-20	232	12	2.01438e+06
2013-08-21	233	12	2.01323e+06
2013-08-22	234	12	2.01205e+06
2013-08-23	235	12	2.01086e+06
2013-08-24	236	12	2.00965e+06
2013-08-25	237	12	2.00843e+06
2013-08-26	238	11	2.00719e+06
2013-08-27	239	11	2.00593e+06
2013-08-28	240	11	2.00465e+06
2013-08-29	241	11	2.00337e+06
2013-08-30	242	11	2.00206e+06
2013-08-31	243	11	2.00074e+06
2013-09-01	244	11	1.99941e+06
2013-09-02	245	11	1.99806e+06
2013-09-03	246	11	1.9967e+06
2013-09-04	247	11	1.99533e+06
2013-09-05	248	11	1.99394e+06
2013-09-06	249	11	1.99254e+06
2013-09-07	250	11	1.99113e+06
2013-09-08	251	11	1.98971e+06
2013-09-09	252	11	1.98828e+06
2013-09-10	253	11	1.98683e+06
2013-09-11	254	11	1.98538e+06
2013-09-12	255	11	1.98391e+06
2013-09-13	256	9	1.58595e+06
2013-09-14	257	9	1.58476e+06
2013-09-15	258	9	1.58356e+06
2013-09-16	259	9	1.58235e+06
2013-09-17	260	9	1.58114e+06
2013-09-18	261	9	1.57992e+06
2013-09-19	262	9	1.57869e+06
2013-09-20	263	9	1.57746e+06
2013-09-21	264	9	1.57622e+06
2013-09-22	265	9	1.57497e+06
2013-09-23	266	9	1.57372e+06
2013-09-24	267	9	1.57246e+06
2013-09-25	268	9	1.5712e+06
2013-09-26	269	9	1.56993e+06
2013-09-27	270	9	1.56865e+06
2013-09-28	271	9	1.56737e+06
2013-09-29	272	9	1.56608e+06
2013-09-30	273	9	1.56479e+06
2013-10-01	274	9	1.56349e+06
2013-10-02	275	9	1.56219e+06
2013-10-03	276	9	1.56499e+06
2013-10-04	277	9	1.56368e+06
2013-10-05	278	9	1.56236e+06
2013-10-06	279	9	1.56105e+06
2013-10-07	280	9	1.55972e+06
2013-10-08	281	8	1.1688e+06
2013-10-09	282	8	1.1678e+06
2013-10-10	283	8	1.1668e+06
2013-10-11	284	8	1.16579e+06
2013-10-12	285	8	1.16479e+06
2013-10-13	286	8	1.16378e+06
2013-10-14	287	8	1.16277e+06
2013-10-15	288	8	1.16176e+06
2013-10-16	289	8	1.16074e+06
2013-10-17	290	8	1.15972e+06
2013-10-18	291	8	1.1587e+06
2013-10-19	292	8	1.15768e+06
2013-10-20	293	8	1.15666e+06
2013-10-21	294	8	1.15563e+06
2013-10-22	295	8	1.1546e+06
2013-10-23	296	8	1.15357e+06
2013-10-24	297	8	1.15254e+06
2013-10-25	298	8	1.15151e+06
2013-10-26	299	8	1.15047e+06
2013-10-27	300	8	1.14943e+06
2013-10-28	301	8	1.14839e+06
2013-10-29	302	8	1.14735e+06
2013-10-30	303	8	1.14631e+06
2013-10-31	304	8	1.14527e+06
2013-11-01	305	8	1.14423e+06
2013-11-02	306	8	1.14318e+06
2013-11-03	307	8	1.14214e+06
2013-11-04	308	7	760726
2013-11-05	309	7	760028
2013-11-06	310	7	759328
2013-11-07	311	7	758629
2013-11-08	312	7	757928
2013-11-09	313	7	757227
2013-11-10	314	7	756525
2013-11-11	315	7	755824
2013-11-12	316	7	755122
2013-11-13	317	7	754421
2013-11-14	318	7	753719
2013-11-15	319	7	753018
2013-11-16	320	7	752317
2013-11-17	321	7	751617
2013-11-18	322	6	750916
2013-11-19	323	6	750216
2013-11-20	324	6	749515
2013-11-21	325	5	374408
2013-11-22	326	5	374058
2013-11-23	327	5	373709
2013-11-24	328	5	373359
2013-11-25	329	5	374213
2013-11-26	330	5	374873
2013-11-27	331	5	375381
2013-11-28	332	5	375032
2013-11-29	333	5	374684
2013-11-30	334	5	374335
2013-12-01	335	5	373987
2013-12-02	336	5	373638
2013-12-03	337	5	373751
2013-12-04	338	5	373403
2013-12-05	339	5	373055
2013-12-06	340	5	372708
2013-12-07	341	5	372360
2013-12-08	342	5	372013
2013-12-09	343	5	371666
2013-12-10	344	5	371319
2013-12-11	345	5	370971
2013-12-12	346	5	370624
2013-12-13	347	5	370277
2013-12-14	348	5	369930
2013-12-15	349	4	0.324524
2013-12-16	350	4	0.324289
2013-12-17	351	4	0.324047
2013-12-18	352	4	0.323781
2013-12-19	353	4	0.323474
2013-12-20	354	4	0.323164
2013-12-21	355	4	0.322876
2013-12-22	356	4	0.322564
2013-12-23	357	4	0.32228
2013-12-24	358	4	0.321974
2013-12-25	359	4	0.321663
2013-12-26	360	4	0.321352
2013-12-27	361	4	0.321068
2013-12-28	362	4	0.32077
2013-12-29	363	4	0.320483
2013-12-30	364	4	0.320205
2013-12-31	365	4	0.0105639
2014-01-01	366	4	0.0105972
2014-01-02	367	4	0.0105971
2014-01-03	368	4	0.0106348
2014-01-04	369	4	0.0106529
2014-01-05	370	4	0.0106525
2014-01-06	371	4	0.0106804
2014-01-07	372	4	0.0107361
2014-01-08	373	4	0.0107987
2014-01-09	374	4	0.0108345
2014-01-10	375	3	0.00593606
2014-01-11	376	3	0.00595325
2014-01-12	377	3	0.00597061
2014-01-13	378	2	0.00100181
2014-01-14	379	2	0.00100162
2014-01-15	380	2	0.00100142
2014-01-16	381	2	0.00100121
2014-01-17	382	2	0.00100098
2014-01-18	383	2	0.00100075
2014-01-19	384	1	0.000500257
2014-01-20	385	1	0.000500365
2014-01-21	386	1	0.000501003
2014-01-22	387	1	0.000502342
2014-01-23	388	1	0.000503008
2014-01-24	389	1	0.000503934
2014-01-25	390	1	0.000503811
2014-01-26	391	1	0.000503688
2014-01-27	392	1	0.000506517
2014-01-28	393	1	0.000509674
2014-01-29	394	1	0.000509866
2014-01-30	395	1	0.000511623
2014-01-31	396	1	0.000513939
2014-02-01	397	1	0.000515559
2014-02-02	398	1	0.000515424
2014-02-03	399	1	0.000518683
2014-02-04	400	1	0.00052247
2014-02-05	401	1	0.000525976
2014-02-06	402	1	0.000525827
2014-02-07	403	1	0.000525669
2014-02-08	404	1	0.000525505
2014-02-09	405	1	0.000525336
2014-02-10	406	1	0.000525162
2014-02-11	407	1	0.000524983
2014-02-12	408	1	0.000525258
2014-02-13	409	1	0.000525069
2014-02-14	410	1	0.000524875
2014-02-15	411	1	0.000524674
2014-02-16	412	1	0.000524467
2014-02-17	413	1	0.000524255
2014-02-18	414	1	0.000524038
2014-02-19	415	1	0.000523816
2014-02-20	416	1	0.000523588
2014-02-21	417	1	0.000523353
2014-02-22	418	1	0.000523114
2014-02-23	419	1	0.000522871
2014-02-24	420	1	0.000522624
2014-02-25	421	1	0.00052237
2014-02-26	422	1	0.000522111
2014-02-27	423	1	0.000521847
2014-02-28	424	1	0.00052158
2014-03-01	425	1	0.000521308
2014-03-02	426	1	0.000521033
2014-03-03	427	1	0.000520754
2014-03-04	428	1	0.00052047
2014-03-05	429	1	0.000520182
2014-03-06	430	1	0.000519892
2014-03-07	431	1	0.000519598
2014-03-08	432	1	0.0005193
2014-03-09	433	1	0.000518997
2014-03-10	434	1	0.000518689
2014-03-11	435	1	0.000518377
2014-03-12	436	1	0.000518061
2014-03-13	437	1	0.00051774
2014-03-14	438	1	0.000517416
2014-03-15	439	1	0.000517088
2014-03-16	440	1	0.000516755
2014-03-17	441	1	0.000516419
2014-03-18	442	1	0.000516078
2014-03-19	443	1	0.000515734
2014-03-20	444	1	0.000515386
2014-03-21	445	1	0.000515035
2014-03-22	446	1	0.000514679
2014-03-23	447	1	0.000514321
2014-03-24	448	1	0.000513962
2014-03-25	449	1	0.0005136
2014-03-26	450	1	0.000513237
2014-03-27	451	1	0.00051287
2014-03-28	452	1	0.000512501
2014-03-29	453	1	0.000512129
2014-03-30	454	1	0.000511754
2014-03-31	455	0	0
2014-04-01	456	0	0
2014-04-02	457	0	0
2014-04-03	458	0	0
2014-04-04	459	0	0
2014-04-05	460	0	0
2014-04-06	461	0	0
2014-04-07	462	0	0
2014-04-08	463	0	0
2014-04-09	464	0	0
2014-04-10	465	0	0
2014-04-11	466	0	0
2014-04-12	467	0	0
2014-04-13	468	0	0
2014-04-14	469	0	0
2014-04-15	470	0	0
2014-04-16	471	0	0
2014-04-17	472	0	0
2014-04-18	473	0	0
2014-04-19	474	0	0
2014-04-20	475	0	0
2014-04-21	476	0	0
2014-04-22	477	0	0
2014-04-23	478	0	0
2014-04-24	479	0	0
2014-04-25	480	0	0
2014-04-26	481	0	0
2014-04-27	482	0	0
2014-04-28	483	0	0
2014-04-29	484	0	0
2014-04-30	485	0	0
2014-05-01	486	0	0
2014-05-02	487	0	0
2014-05-03	488	0	0
2014-05-04	489	0	0
2014-05-05	490	0	0
2014-05-06	491	0	0
2014-05-07	492	0	0
2014-05-08	493	0	0
2014-05-09	494	0	0
2014-05-10	495	0	0
2014-05-11	496	0	0
2014-05-12	497	0	0
2014-05-13	498	0	0
2014-05-14	499	0	0
2014-05-15	500	0	0
2014-05-16	501	0	0
2014-05-17	502	0	0
2014-05-18	503	0	0
2014-05-19	504	0	0
2014-05-20	505	0	0
2014-05-21	506	0	0
2014-05-22	507	0	0
2014-05-23	508	0	0
2014-05-24	509	0	0
2014-05-25	510	0	0
2014-05-26	511	0	0
2014-05-27	512	0	0
2014-05-28	513	0	0
2014-05-29	514	0	0
2014-05-30	515	0	0
2014-05-31	516	0	0
2014-06-01	517	0	0
2014-06-02	518	0	0
2014-06-03	519	0	0
2014-06-04	520	0	0
2014-06-05	521	0	0
2014-06-06	522	0	0
2014-06-07	523	0	0
2014-06-08	524	0	0
2014-06-09	525	0	0
2014-06-10	526	0	0
2014-06-11	527	0	0
2014-06-12	528	0	0
2014-06-13	529	0	0
2014-06-14	530	0	0
2014-06-15	531	0	0
2014-06-16	532	0	0
2014-06-17	533	0	0
2014-06-18	534	0	0
2014-06-19	535	0	0
2014-06-20	536	0	0
2014-06-21	537	0	0
2014-06-22	538	0	0
2014-06-23	539	0	0
2014-06-24	540	0	0
2014-06-25	541	0	0
2014-06-26	542	0	0
2014-06-27	543	0	0
2014-06-28	544	0	0
2014-06-29	545	0	0
2014-06-30	546	0	0
2014-07-01	547	0	0
2014-07-02	548	0	0
2014-07-03	549	0	0
2014-07-04	550	0	0
2014-07-05	551	0	0
2014-07-06	552	0	0
2014-07-07	553	0	0
2014-07-08	554	0	0
2014-07-09	555	0	0
2014-07-10	556	0	0
2014-07-11	557	0	0
2014-07-12	558	0	0
2014-07-13	559	0	0
2014-07-14	560	0	0
2014-07-15	561	0	0
2014-07-16	562	0	0
2014-07-17	563	0	0
2014-07-18	564	0	0
2014-07-19	565	0	0
2014-07-20	566	0	0
2014-07-21	567	0	0
2014-07-22	568	0	0
2014-07-23	569	0	0
2014-07-24	570	0	0
2014-07-25	571	0	0
2014-07-26	572	0	0
2014-07-27	573	0	0
2014-07-28	574	0	0
2014-07-29	575	0	0
2014-07-30	576	0	0
2014-07-31	577	0	0
2014-08-01	578	0	0
2014-08-02	579	0	0
2014-08-03	580	0	0
2014-08-04	581	0	0
2014-08-05	582	0	0
2014-08-06	583	0	0
2014-08-07	584	0	0
2014-08-08	585	0	0
2014-08-09	586	0	0
2014-08-10	587	0	0
2014-08-11	588	0	0
2014-08-12	589	0	0
2014-08-13	590	0	0
2014-08-14	591	0	0
2014-08-15	592	0	0
2014-08-16	593	0	0
2014-08-17	594	0	0
2014-08-18	595	0	0
2014-08-19	596	0	0
2014-08-20	597	0	0
2014-08-21	598	0	0
2014-08-22	599	0	0
2014-08-23	600	0	0
2014-08-24	601	0	0
2014-08-25	602	0	0
2014-08-26	603	0	0
2014-08-27	604	0	0
2014-08-28	605	0	0
2014-08-29	606	0	0
2014-08-30	607	0	0
2014-08-31	608	0	0
2014-09-01	609	0	0
2014-09-02	610	0	0
2014-09-03	611	0	0
2014-09-04	612	0	0
2014-09-05	613	0	0
2014-09-06	614	0	0
2014-09-07	615	0	0
2014-09-08	616	0	0
2014-09-09	617	0	0
2014-09-10	618	0	0
2014-09-11	619	0	0
2014-09-12	620	0	0
2014-09-13	621	0	0
2014-09-14	622	0	0
2014-09-15	623	0	0
2014-09-16	624	0	0
2014-09-17	625	0	0
2014-09-18	626	0	0
2014-09-19	627	0	0
2014-09-20	628	0	0
2014-09-21	629	0	0
2014-09-22	630	0	0
2014-09-23	631	0	0
2014-09-24	632	0	0
2014-09-25	633	0	0
2014-09-26	634	0	0
2014-09-27	635	0	0
2014-09-28	636	0	0
2014-09-29	637	0	0
2014-09-30	638	0	0
2014-10-01	639	0	0
2014-10-02	640	0	0
2014-10-03	641	0	0
2014-10-04	642	0	0
2014-10-05	643	0	0
2014-10-06	644	0	0
2014-10-07	645	0	0
2014-10-08	646	0	0
2014-10-09	647	0	0
2014-10-10	648	0	0
2014-10-11	649	0	0
2014-10-12	650	0	0
2014-10-13	651	0	0
2014-10-14	652	0	0
2014-10-15	653	0	0
2014-10-16	654	0	0
2014-10-17	655	0	0
2014-10-18	656	0	0
2014-10-19	657	0	0
2014-10-20	658	0	0
2014-10-21	659	0	0
2014-10-22	660	0	0
2014-10-23	661	0	0
2014-10-24	662	0	0
2014-10-25	663	0	0
2014-10-26	664	0	0
2014-10-27	665	0	0
2014-10-28	666	0	0
2014-10-29	667	0	0
2014-10-30	668	0	0
2014-10-31	669	0	0
2014-11-01	670	0	0
2014-11-02	671	0	0
2014-11-03	672	0	0
2014-11-04	673	0	0
2014-11-05	674	0	0
2014-11-06	675	0	0
2014-11-07	676	0	0
2014-11-08	677	0	0
2014-11-09	678	0	0
2014-11-10	679	0	0
2014-11-11	680	0	0
2014-11-12	681	0	0
2014-11-13	682	0	0
2014-11-14	683	0	0
2014-11-15	684	0	0
2014-11-16	685	0	0
2014-11-17	686	0	0
2014-11-18	687	0	0
2014-11-19	688	0	0
2014-11-20	689	0	0
2014-11-21	690	0	0
2014-11-22	691	0	0
2014-11-23	692	0	0
2014-11-24	693	0	0
2014-11-25	694	0	0
2014-11-26	695	0	0
2014-11-27	696	0	0
2014-11-28	697	0	0
2014-11-29	698	0	0
2014-11-30	699	0	0
2014-12-01	700	0	0
2014-12-02	701	0	0
2014-12-03	702	0	0
2014-12-04	703	0	0
2014-12-05	704	0	0
2014-12-06	705	0	0
2014-12-07	706	0	0
2014-12-08	707	0	0
2014-12-09	708	0	0
2014-12-10	709	0	0
2014-12-11	710	0	0
2014-12-12	711	0	0
2014-12-13	712	0	0
2014-12-14	713	0	0
2014-12-15	714	0	0
2014-12-16	715	0	0
2014-12-17	716	0	0
2014-12-18	717	0	0
2014-12-19	718	0	0
2014-12-20	719	0	0
2014-12-21	720	0	0
2014-12-22	721	0	0
2014-12-23	722	0	0
2014-12-24	723	0	0
2014-12-25	724	0	0
2014-12-26	725	0	0
2014-12-27	726	0	0
2014-12-28	727	0	0
2014-12-29	728	0	0
2014-12-30	729	0	0
2014-12-31	730	0	0
2015-01-01	731	0	0
2015-01-02	732	0	0
2015-01-03	733	0	0
2015-01-04	734	0	0
2015-01-05	735	0	0
2015-01-06	736	0	0
2015-01-07	737	0	0
2015-01-08	738	0	0
2015-01-09	739	0	0
2015-01-10	740	0	0
2015-01-11	741	0	0
2015-01-12	742	0	0
2015-01-13	743	0	0
2015-01-14	744	0	0
2015-01-15	745	0	0
2015-01-16	746	0	0
2015-01-17	747	0	0
2015-01-18	748	0	0
2015-01-19	749	0	0
2015-01-20	750	0	0
2015-01-21	751	0	0
2015-01-22	752	0	0
2015-01-23	753	0	0
2015-01-24	754	0	0
2015-01-25	755	0	0
2015-01-26	756	0	0
2015-01-27	757	0	0
2015-01-28	758	0	0
2015-01-29	759	0	0
2015-01-30	760	0	0
2015-01-31	761	0	0
2015-02-01	762	0	0
2015-02-02	763	0	0
2015-02-03	764	0	0
2015-02-04	765	0	0
2015-02-05	766	0	0
2015-02-06	767	0	0
2015-02-07	768	0	0
2015-02-08	769	0	0
2015-02-09	770	0	0
2015-02-10	771	0	0
2015-02-11	772	0	0
2015-02-12	773	0	0
2015-02-13	774	0	0
2015-02-14	775	0	0
2015-02-15	776	0	0
2015-02-16	777	0	0
2015-02-17	778	0	0
2015-02-18	779	0	0
2015-02-19	780	0	0
2015-02-20	781	0	0
2015-02-21	782	0	0
2015-02-22	783	0	0
2015-02-23	784	0	0
2015-02-24	785	0	0
2015-02-25	786	0	0
2015-02-26	787	0	0
2015-02-27	788	0	0
2015-02-28	789	0	0
2015-03-01	790	0	0
2015-03-02	791	0	0
2015-03-03	792	0	0
2015-03-04	793	0	0
2015-03-05	794	0	0
2015-03-06	795	0	0
2015-03-07	796	0	0
2015-03-08	797	0	0
2015-03-09	798	0	0
2015-03-10	799	0	0
2015-03-11	800	0	0
2015-03-12	801	0	0
2015-03-13	802	0	0
2015-03-14	803	0	0
2015-03-15	804	0	0
2015-03-16	805	0	0
2015-03-17	806	0	0
2015-03-18	807	0	0
2015-03-19	808	0	0
2015-03-20	809	0	0
2015-03-21	810	0	0
2015-03-22	811	0	0
2015-03-23	812	0	0
2015-03-24	813	0	0
2015-03-25	814	0	0
2015-03-26	815	0	0
2015-03-27	816	0	0
2015-03-28	817	0	0
2015-03-29	818	0	0
2015-03-30	819	0	0
2015-03-31	820	0	0
2015-04-01	821	0	0
2015-04-02	822	0	0
2015-04-03	823	0	0
2015-04-04	824	0	0
2015-04-05	825	0	0
2015-04-06	826	0	0
2015-04-07	827	0	0
2015-04-08	828	0	0
2015-04-09	829	0	0
2015-04-10	830	0	0
2015-04-11	831	0	0
2015-04-12	832	0	0
2015-04-13	833	0	0
2015-04-14	834	0	0
2015-04-15	835	0	0
2015-04-16	836	0	0
2015-04-17	837	0	0
2015-04-18	838	0	0
2015-04-19	839	0	0
2015-04-20	840	0	0
2015-04-21	841	0	0
2015-04-22	842	0	0
2015-04-23	843	0	0
2015-04-24	844	0	0
2015-04-25	845	0	0
2015-04-26	846	0	0
2015-04-27	847	0	0
2015-04-28	848	0	0
2015-04-29	849	0	0
2015-04-30	850	0	0
2015-05-01	851	0	0
2015-05-02	852	0	0
2015-05-03	853	0	0
2015-05-04	854	0	0
2015-05-05	855	0	0
2015-05-06	856	0	0
2015-05-07	857	0	0
2015-05-08	858	0	0
2015-05-09	859	0	0
2015-05-10	860	0	0
2015-05-11	861	0	0
2015-05-12	862	0	0
2015-05-13	863	0	0
2015-05-14	864	0	0
2015-05-15	865	0	0
2015-05-16	866	0	0
2015-05-17	867	0	0
2015-05-18	868	0	0
2015-05-19	869	0	0
2015-05-20	870	0	0
2015-05-21	871	0	0
2015-05-22	872	0	0
2015-05-23	873	0	0
2015-05-24	874	0	0
2015-05-25	875	0	0
2015-05-26	876	0	0
2015-05-27	877	0	0
2015-05-28	878	0	0
2015-05-29	879	0	0
2015-05-30	880	0	0
2015-05-31	881	0	0
2015-06-01	882	0	0
2015-06-02	883	0	0
2015-06-03	884	0	0
2015-06-04	885	0	0
2015-06-05	886	0	0
2015-06-06	887	0	0
2015-06-07	888	0	0
2015-06-08	889	0	0
2015-06-09	890	0	0
2015-06-10	891	0	0
2015-06-11	892	0	0
2015-06-12	893	0	0
2015-06-13	894	0	0
2015-06-14	895	0	0
2015-06-15	896	0	0
2015-06-16	897	0	0
2015-06-17	898	0	0
2015-06-18	899	0	0
2015-06-19	900	0	0
2015-06-20	901	0	0
2015-06-21	902	0	0
2015-06-22	903	0	0
2015-06-23	904	0	0
2015-06-24	905	0	0
2015-06-25	906	0	0
2015-06-26	907	0	0
2015-06-27	908	0	0
2015-06-28	909	0	0
2015-06-29	910	0	0
2015-06-30	911	0	0
2015-07-01	912	0	0
2015-07-02	913	0	0
2015-07-03	914	0	0
2015-07-04	915	0	0
2015-07-05	916	0	0
2015-07-06	917	0	0
2015-07-07	918	0	0
2015-07-08	919	0	0
2015-07-09	920	0	0
2015-07-10	921	0	0
2015-07-11	922	0	0
2015-07-12	923	0	0
2015-07-13	924	0	0
2015-07-14	925	0	0
2015-07-15	926	0	0
2015-07-16	927	0	0
2015-07-17	928	0	0
2015-07-18	929	0	0
2015-07-19	930	0	0
2015-07-20	931	0	0
2015-07-21	932	0	0
2015-07-22	933	0	0
2015-07-23	934	0	0
2015-07-24	935	0	0
2015-07-25	936	0	0
2015-07-26	937	0	0
2015-07-27	938	0	0
2015-07-28	939	0	0
2015-07-29	940	0	0
2015-07-30	941	0	0
2015-07-31	942	0	0
2015-08-01	943	0	0
2015-08-02	944	0	0
2015-08-03	945	0	0
2015-08-04	946	0	0
2015-08-05	947	0	0
2015-08-06	948	0	0
2015-08-07	949	0	0
2015-08-08	950	0	0
2015-08-09	951	0	0
2015-08-10	952	0	0
2015-08-11	953	0	0
2015-08-12	954	0	0
2015-08-13	955	0	0
2015-08-14	956	0	0
2015-08-15	957	0	0
2015-08-16	958	0	0
2015-08-17	959	0	0
2015-08-18	960	0	0
2015-08-19	961	0	0
2015-08-20	962	0	0
2015-08-21	963	0	0
2015-08-22	964	0	0
2015-08-23	965	0	0
2015-08-24	966	0	0
2015-08-25	967	0	0
2015-08-26	968	0	0
2015-08-27	969	0	0
2015-08-28	970	0	0
2015-08-29	971	0	0
2015-08-30	972	0	0
2015-08-31	973	0	0
2015-09-01	974	0	0
2015-09-02	975	0	0
2015-09-03	976	0	0
2015-09-04	977	0	0
2015-09-05	978	0	0
2015-09-06	979	0	0
2015-09-07	980	0	0
2015-09-08	981	0	0
2015-09-09	982	0	0
2015-09-10	983	0	0
2015-09-11	984	0	0
2015-09-12	985	0	0
2015-09-13	986	0	0
2015-09-14	987	0	0
2015-09-15	988	0	0
2015-09-16	989	0	0
2015-09-17	990	0	0
2015-09-18	991	0	0
2015-09-19	992	0	0
2015-09-20	993	0	0
2015-09-21	994	0	0
2015-09-22	995	0	0
2015-09-23	996	0	0
2015-09-24	997	0	0
2015-09-25	998	0	0
2015-09-26	999	0	0
2015-09-27	1000	0	0
2015-09-28	1001	0	0
2015-09-29	1002	0	0
2015-09-30	1003	0	0
2015-10-01	1004	0	0
2015-10-02	1005	0	0
2015-10-03	1006	0	0
2015-10-04	1007	0	0
2015-10-05	1008	0	0
2015-10-06	1009	0	0
2015-10-07	1010	0	0
2015-10-08	1011	0	0
2015-10-09	1012	0	0
2015-10-10	1013	0	0
2015-10-11	1014	0	0
2015-10-12	1015	0	0
2015-10-13	1016	0	0
2015-10-14	1017	0	0
2015-10-15	1018	0	0
2015-10-16	1019	0	0
2015-10-17	1020	0	0
2015-10-18	1021	0	0
2015-10-19	1022	0	0
2015-10-20	1023	0	0
2015-10-21	1024	0	0
2015-10-22	1025	0	0
2015-10-23	1026	0	0
2015-10-24	1027	0	0
2015-10-25	1028	0	0
2015-10-26	1029	0	0
2015-10-27	1030	0	0
2015-10-28	1031	0	0
2015-10-29	1032	0	0
2015-10-30	1033	0	0
2015-10-31	1034	0	0
2015-11-01	1035	0	0
2015-11-02	1036	0	0
2015-11-03	1037	0	0
2015-11-04	1038	0	0
2015-11-05	1039	0	0
2015-11-06	1040	0	0
2015-11-07	1041	0	0
2015-11-08	1042	0	0
2015-11-09	1043	0	0
2015-11-10	1044	0	0
2015-11-11	1045	0	0
2015-11-12	1046	0	0
2015-11-13	1047	0	0
2015-11-14	1048	0	0
2015-11-15	1049	0	0
2015-11-16	1050	0	0
2015-11-17	1051	0	0
2015-11-18	1052	0	0
2015-11-19	1053	0	0
2015-11-20	1054	0	0
2015-11-21	1055	0	0
2015-11-22	1056	0	0
2015-11-23	1057	0	0
2015-11-24	1058	0	0
2015-11-25	1059	0	0
2015-11-26	1060	0	0
2015-11-27	1061	0	0
2015-11-28	1062	0	0
2015-11-29	1063	0	0
2015-11-30	1064	0	0
2015-12-01	1065	0	0
2015-12-02	1066	0	0
2015-12-03	1067	0	0
2015-12-04	1068	0	0
2015-12-05	1069	0	0
2015-12-06	1070	0	0
2015-12-07	1071	0	0
2015-12-08	1072	0	0
2015-12-09	1073	0	0
2015-12-10	1074	0	0
2015-12-11	1075	0	0
2015-12-12	1076	0	0
2015-12-13	1077	0	0
2015-12-14	1078	0	0
2015-12-15	1079	0	0
2015-12-16	1080	0	0
2015-12-17	1081	0	0
2015-12-18	1082	0	0
2015-12-19	1083	0	0
2015-12-20	1084	0	0
2015-12-21	1085	0	0
2015-12-22	1086	0	0
2015-12-23	1087	0	0
2015-12-24	1088	0	0
2015-12-25	1089	0	0
2015-12-26	1090	0	0
2015-12-27	1091	0	0
2015-12-28	1092	0	0
2015-12-29	1093	0	0
2015-12-30	1094	0	0
2015-12-31	1095	0	0
2016-01-01	1096	0	0
2016-01-02	1097	0	0
2016-01-03	1098	0	0
2016-01-04	1099	0	0
2016-01-05	1100	0	0
2016-01-06	1101	0	0
2016-01-07	1102	0	0
2016-01-08	1103	0	0
2016-01-09	1104	0	0
2016-01-10	1105	0	0
2016-01-11	1106	0	0
2016-01-12	1107	0	0
2016-01-13	1108	0	0
2016-01-14	1109	0	0
2016-01-15	1110	0	0
2016-01-16	1111	0	0
2016-01-17	1112	0	0
2016-01-18	1113	0	0
2016-01-19	1114	0	0
2016-01-20	1115	0	0
2016-01-21	1116	0	0
2016-01-22	1117	0	0
2016-01-23	1118	0	0
2016-01-24	1119	0	0
2016-01-25	1120	0	0
2016-01-26	1121	0	0
2016-01-27	1122	0	0
2016-01-28	1123	0	0
2016-01-29	1124	0	0
2016-01-30	1125	0	0
2016-01-31	1126	0	0
2016-02-01	1127	0	0
2016-02-02	1128	0	0
2016-02-03	1129	0	0
2016-02-04	1130	0	0
2016-02-05	1131	0	0
2016-02-06	1132	0	0
2016-02-07	1133	0	0
2016-02-08	1134	0	0
2016-02-09	1135	0	0
2016-02-10	1136	0	0
2016-02-11	1137	0	0
2016-02-12	1138	0	0
2016-02-13	1139	0	0
2016-02-14	1140	0	0
2016-02-15	1141	0	0
2016-02-16	1142	0	0
2016-02-17	1143	0	0
2016-02-18	1144	0	0
2016-02-19	1145	0	0
2016-02-20	1146	0	0
2016-02-21	1147	0	0
2016-02-22	1148	0	0
2016-02-23	1149	0	0
2016-02-24	1150	0	0
2016-02-25	1151	0	0
2016-02-26	1152	0	0
2016-02-27	1153	0	0
2016-02-28	1154	0	0
2016-02-29	1155	0	0
2016-03-01	1156	0	0
2016-03-02	1157	0	0
2016-03-03	1158	0	0
2016-03-04	1159	0	0
2016-03-05	1160	0	0
2016-03-06	1161	0	0
2016-03-07	1162	0	0
2016-03-08	1163	0	0
2016-03-09	1164	0	0
2016-03-10	1165	0	0
2016-03-11	1166	0	0
2016-03-12	1167	0	0
2016-03-13	1168	0	0
2016-03-14	1169	0	0
2016-03-15	1170	0	0
2016-03-16	1171	0	0
2016-03-17	1172	0	0
2016-03-18	1173	0	0
2016-03-19	1174	0	0
2016-03-20	1175	0	0
2016-03-21	1176	0	0
2016-03-22	1177	0	0
2016-03-23	1178	0	0
2016-03-24	1179	0	0
2016-03-25	1180	0	0
2016-03-26	1181	0	0
2016-03-27	1182	0	0
2016-03-28	1183	0	0
2016-03-29	1184	0	0
2016-03-30	1185	0	0
2016-03-31	1186	0	0
2016-04-01	1187	0	0
2016-04-02	1188	0	0
2016-04-03	1189	0	0
2016-04-04	1190	0	0
2016-04-05	1191	0	0
2016-04-06	1192	0	0
2016-04-07	1193	0	0
2016-04-08	1194	0	0
2016-04-09	1195	0	0
2016-04-10	1196	0	0
2016-04-11	1197	0	0
2016-04-12	1198	0	0
2016-04-13	1199	0	0
2016-04-14	1200	0	0
2016-04-15	1201	0	0
2016-04-16	1202	0	0
2016-04-17	1203	0	0
2016-04-18	1204	0	0
2016-04-19	1205	0	0
2016-04-20	1206	0	0
2016-04-21	1207	0	0
2016-04-22	1208	0	0
2016-04-23	1209	0	0
2016-04-24	1210	0	0
2016-04-25	1211	0	0
2016-04-26	1212	0	0
2016-04-27	1213	0	0
2016-04-28	1214	0	0
2016-04-29	1215	0	0
2016-04-30	1216	0	0
2016-05-01	1217	0	0
2016-05-02	1218	0	0
2016-05-03	1219	0	0
2016-05-04	1220	0	0
2016-05-05	1221	0	0
2016-05-06	1222	0	0
2016-05-07	1223	0	0
2016-05-08	1224	0	0
2016-05-09	1225	0	0
2016-05-10	1226	0	0
2016-05-11	1227	0	0
2016-05-12	1228	0	0
2016-05-13	1229	0	0
2016-05-14	1230	0	0
2016-05-15	1231	0	0
2016-05-16	1232	0	0
2016-05-17	1233	0	0
2016-05-18	1234	0	0
2016-05-19	1235	0	0
2016-05-20	1236	0	0
2016-05-21	1237	0	0
2016-05-22	1238	0	0
2016-05-23	1239	0	0
2016-05-24	1240	0	0
2016-05-25	1241	0	0
2016-05-26	1242	0	0
2016-05-27	1243	0	0
2016-05-28	1244	0	0
2016-05-29	1245	0	0
2016-05-30	1246	0	0
2016-05-31	1247	0	0
2016-06-01	1248	0	0
2016-06-02	1249	0	0
2016-06-03	1250	0	0
2016-06-04	1251	0	0
2016-06-05	1252	0	0
2016-06-06	1253	0	0
2016-06-07	1254	0	0
2016-06-08	1255	0	0
2016-06-09	1256	0	0
2016-06-10	1257	0	0
2016-06-11	1258	0	0
2016-06-12	1259	0	0
2016-06-13	1260	0	0
2016-06-14	1261	0	0
2016-06-15	1262	0	0
2016-06-16	1263	0	0
2016-06-17	1264	0	0
2016-06-18	1265	0	0
2016-06-19	1266	0	0
2016-06-20	1267	0	0
2016-06-21	1268	0	0
2016-06-22	1269	0	0
2016-06-23	1270	0	0
2016-06-24	1271	0	0
2016-06-25	1272	0	0
2016-06-26	1273	0	0
2016-06-27	1274	0	0
2016-06-28	1275	0	0
2016-06-29	1276	0	0
2016-06-30	1277	0	0
2016-07-01	1278	0	0
2016-07-02	1279	0	0
2016-07-03	1280	0	0
2016-07-04	1281	0	0
2016-07-05	1282	0	0
2016-07-06	1283	0	0
2016-07-07	1284	0	0
2016-07-08	1285	0	0
2016-07-09	1286	0	0
2016-07-10	1287	0	0
2016-07-11	1288	0	0
2016-07-12	1289	0	0
2016-07-13	1290	0	0
2016-07-14	1291	0	0
2016-07-15	1292	0	0
2016-07-16	1293	0	0
2016-07-17	1294	0	0
2016-07-18	1295	0	0
2016-07-19	1296	0	0
2016-07-20	1297	0	0
2016-07-21	1298	0	0
2016-07-22	1299	0	0
2016-07-23	1300	0	0
2016-07-24	1301	0	0
2016-07-25	1302	0	0
2016-07-26	1303	0	0
2016-07-27	1304	0	0
2016-07-28	1305	0	0
2016-07-29	1306	0	0
2016-07-30	1307	0	0
2016-07-31	1308	0	0
2016-08-01	1309	0	0
2016-08-02	1310	0	0
2016-08-03	1311	0	0
2016-08-04	1312	0	0
2016-08-05	1313	0	0
2016-08-06	1314	0	0
2016-08-07	1315	0	0
2016-08-08	1316	0	0
2016-08-09	1317	0	0
2016-08-10	1318	0	0
2016-08-11	1319	0	0
2016-08-12	1320	0	0
2016-08-13	1321	0	0
2016-08-14	1322	0	0
2016-08-15	1323	0	0
2016-08-16	1324	0	0
2016-08-17	1325	0	0
2016-08-18	1326	0	0
2016-08-19	1327	0	0
2016-08-20	1328	0	0
2016-08-21	1329	0	0
2016-08-22	1330	0	0
2016-08-23	1331	0	0
2016-08-24	1332	0	0
2016-08-25	1333	0	0
2016-08-26	1334	0	0
2016-08-27	1335	0	0
2016-08-28	1336	0	0
2016-08-29	1337	0	0
2016-08-30	1338	0	0
2016-08-31	1339	0	0
2016-09-01	1340	0	0
2016-09-02	1341	0	0
2016-09-03	1342	0	0
2016-09-04	1343	0	0
2016-09-05	1344	0	0
2016-09-06	1345	0	0
2016-09-07	1346	0	0
2016-09-08	1347	0	0
2016-09-09	1348	0	0
2016-09-10	1349	0	0
2016-09-11	1350	0	0
2016-09-12	1351	0	0
2016-09-13	1352	0	0
2016-09-14	1353	0	0
2016-09-15	1354	0	0
2016-09-16	1355	0	0
2016-09-17	1356	0	0
2016-09-18	1357	0	0
2016-09-19	1358	0	0
2016-09-20	1359	0	0
2016-09-21	1360	0	0
2016-09-22	1361	0	0
2016-09-23	1362	0	0
2016-09-24	1363	0	0
2016-09-25	1364	0	0
2016-09-26	1365	0	0
2016-09-27	1366	0	0
2016-09-28	1367	0	0
2016-09-29	1368	0	0
2016-09-30	1369	0	0
2016-10-01	1370	0	0
2016-10-02	1371	0	0
2016-10-03	1372	0	0
2016-10-04	1373	0	0
2016-10-05	1374	0	0
2016-10-06	1375	0	0
2016-10-07	1376	0	0
2016-10-08	1377	0	0
2016-10-09	1378	0	0
2016-10-10	1379	0	0
2016-10-11	1380	0	0
2016-10-12	1381	0	0
2016-10-13	1382	0	0
2016-10-14	1383	0	0
2016-10-15	1384	0	0
2016-10-16	1385	0	0
2016-10-17	1386	0	0
2016-10-18	1387	0	0
2016-10-19	1388	0	0
2016-10-20	1389	0	0
2016-10-21	1390	0	0
2016-10-22	1391	0	0
2016-10-23	1392	0	0
2016-10-24	1393	0	0
2016-10-25	1394	0	0
2016-10-26	1395	0	0
2016-10-27	1396	0	0
2016-10-28	1397	0	0
2016-10-29	1398	0	0
2016-10-30	1399	0	0
2016-10-31	1400	0	0
2016-11-01	1401	0	0
2016-11-02	1402	0	0
2016-11-03	1403	0	0
2016-11-04	1404	0	0
2016-11-05	1405	0	0
2016-11-06	1406	0	0
2016-11-07	1407	0	0
2016-11-08	1408	0	0
2016-11-09	1409	0	0
2016-11-10	1410	0	0
2016-11-11	1411	0	0
2016-11-12	1412	0	0
2016-11-13	1413	0	0
2016-11-14	1414	0	0
2016-11-15	1415	0	0
2016-11-16	1416	0	0
2016-11-17	1417	0	0
2016-11-18	1418	0	0
2016-11-19	1419	0	0
2016-11-20	1420	0	0
2016-11-21	1421	0	0
2016-11-22	1422	0	0
2016-11-23	1423	0	0
2016-11-24	1424	0	0
2016-11-25	1425	0	0
2016-11-26	1426	0	0
2016-11-27	1427	0	0
2016-11-28	1428	0	0
2016-11-29	1429	0	0
2016-11-30	1430	0	0
2016-12-01	1431	0	0
2016-12-02	1432	0	0
2016-12-03	1433	0	0
2016-12-04	1434	0	0
2016-12-05	1435	0	0
2016-12-06	1436	0	0
2016-12-07	1437	0	0
2016-12-08	1438	0	0
2016-12-09	1439	0	0
2016-12-10	1440	0	0
2016-12-11	1441	0	0
2016-12-12	1442	0	0
2016-12-13	1443	0	0
2016-12-14	1444	0	0
2016-12-15	1445	0	0
2016-12-16	1446	0	0
2016-12-17	1447	0	0
2016-12-18	1448	0	0
2016-12-19	1449	0	0
2016-12-20	1450	0	0
2016-12-21	1451	0	0
2016-12-22	1452	0	0
2016-12-23	1453	0	0
2016-12-24	1454	0	0
2016-12-25	1455	0	0
2016-12-26	1456	0	0
2016-12-27	1457	0	0
2016-12-28	1458	0	0
2016-12-29	1459	0	0
2016-12-30	1460	0	0
2016-12-31	1461	0	0
2017-01-01	1462	0	0
2017-01-02	1463	0	0
2017-01-03	1464	0	0
2017-01-04	1465	0	0
2017-01-05	1466	0	0
2017-01-06	1467	0	0
2017-01-07	1468	0	0
2017-01-08	1469	0	0
2017-01-09	1470	0	0
2017-01-10	1471	0	0
2017-01-11	1472	0	0
2017-01-12	1473	0	0
2017-01-13	1474	0	0
2017-01-14	1475	0	0
2017-01-15	1476	0	0
2017-01-16	1477	0	0
2017-01-17	1478	0	0
2017-01-18	1479	0	0
2017-01-19	1480	0	0
2017-01-20	1481	0	0
2017-01-21	1482	0	0
2017-01-22	1483	0	0
2017-01-23	1484	0	0
2017-01-24	1485	0	0
2017-01-25	1486	0	0
2017-01-26	1487	0	0
2017-01-27	1488	0	0
2017-01-28	1489	0	0
2017-01-29	1490	0	0
2017-01-30	1491	0	0
2017-01-31	1492	0	0
2017-02-01	1493	0	0
2017-02-02	1494	0	0
2017-02-03	1495	0	0
2017-02-04	1496	0	0
2017-02-05	1497	0	0
2017-02-06	1498	0	0
2017-02-07	1499	0	0
2017-02-08	1500	0	0
2017-02-09	1501	0	0
2017-02-10	1502	0	0
2017-02-11	1503	0	0
2017-02-12	1504	0	0
2017-02-13	1505	0	0
2017-02-14	1506	0	0
2017-02-15	1507	0	0
2017-02-16	1508	0	0
2017-02-17	1509	0	0
2017-02-18	1510	0	0
2017-02-19	1511	0	0
2017-02-20	1512	0	0
2017-02-21	1513	0	0
2017-02-22	1514	0	0
2017-02-23	1515	0	0
2017-02-24	1516	0	0
2017-02-25	1517	0	0
2017-02-26	1518	0	0
2017-02-27	1519	0	0
2017-02-28	1520	0	0
2017-03-01	1521	0	0
2017-03-02	1522	0	0
2017-03-03	1523	0	0
2017-03-04	1524	0	0
2017-03-05	1525	0	0
2017-03-06	1526	0	0
2017-03-07	1527	0	0
2017-03-08	1528	0	0
2017-03-09	1529	0	0
2017-03-10	1530	0	0
2017-03-11	1531	0	0
2017-03-12	1532	0	0
2017-03-13	1533	0	0
2017-03-14	1534	0	0
2017-03-15	1535	0	0
2017-03-16	1536	0	0
2017-03-17	1537	0	0
2017-03-18	1538	0	0
2017-03-19	1539	0	0
2017-03-20	1540	0	0
2017-03-21	1541	0	0
2017-03-22	1542	0	0
2017-03-23	1543	0	0
2017-03-24	1544	0	0
2017-03-25	1545	0	0
2017-03-26	1546	0	0
2017-03-27	1547	0	0
2017-03-28	1548	0	0
2017-03-29	1549	0	0
2017-03-30	1550	0	0
2017-03-31	1551	0	0
2017-04-01	1552	0	0
2017-04-02	1553	0	0
2017-04-03	1554	0	0
2017-04-04	1555	0	0
2017-04-05	1556	0	0
2017-04-06	1557	0	0
2017-04-07	1558	0	0
2017-04-08	1559	0	0
2017-04-09	1560	0	0
2017-04-10	1561	0	0
2017-04-11	1562	0	0
2017-04-12	1563	0	0
2017-04-13	1564	0	0
2017-04-14	1565	0	0
2017-04-15	1566	0	0
2017-04-16	1567	0	0
2017-04-17	1568	0	0
2017-04-18	1569	0	0
2017-04-19	1570	0	0
2017-04-20	1571	0	0
2017-04-21	1572	0	0
2017-04-22	1573	0	0
2017-04-23	1574	0	0
2017-04-24	1575	0	0
2017-04-25	1576	0	0
2017-04-26	1577	0	0
2017-04-27	1578	0	0
2017-04-28	1579	0	0
2017-04-29	1580	0	0
2017-04-30	1581	0	0
2017-05-01	1582	0	0
2017-05-02	1583	0	0
2017-05-03	1584	0	0
2017-05-04	1585	0	0
2017-05-05	1586	0	0
2017-05-06	1587	0	0
2017-05-07	1588	0	0
2017-05-08	1589	0	0
2017-05-09	1590	0	0
2017-05-10	1591	0	0
2017-05-11	1592	0	0
2017-05-12	1593	0	0
2017-05-13	1594	0	0
2017-05-14	1595	0	0
2017-05-15	1596	0	0
2017-05-16	1597	0	0
2017-05-17	1598	0	0
2017-05-18	1599	0	0
2017-05-19	1600	0	0
2017-05-20	1601	0	0
2017-05-21	1602	0	0
2017-05-22	1603	0	0
2017-05-23	1604	0	0
2017-05-24	1605	0	0
2017-05-25	1606	0	0
2017-05-26	1607	0	0
2017-05-27	1608	0	0
2017-05-28	1609	0	0
2017-05-29	1610	0	0
2017-05-30	1611	0	0
2017-05-31	1612	0	0
2017-06-01	1613	0	0
2017-06-02	1614	0	0
2017-06-03	1615	0	0
2017-06-04	1616	0	0
2017-06-05	1617	0	0
2017-06-06	1618	0	0
2017-06-07	1619	0	0
2017-06-08	1620	0	0
2017-06-09	1621	0	0
2017-06-10	1622	0	0
2017-06-11	1623	0	0
2017-06-12	1624	0	0
2017-06-13	1625	0	0
2017-06-14	1626	0	0
2017-06-15	1627	0	0
2017-06-16	1628	0	0
2017-06-17	1629	0	0
2017-06-18	1630	0	0
2017-06-19	1631	0	0
2017-06-20	1632	0	0
2017-06-21	1633	0	0
2017-06-22	1634	0	0
2017-06-23	1635	0	0
2017-06-24	1636	0	0
2017-06-25	1637	0	0
2017-06-26	1638	0	0
2017-06-27	1639	0	0
2017-06-28	1640	0	0
2017-06-29	1641	0	0
2017-06-30	1642	0	0
2017-07-01	1643	0	0
2017-07-02	1644	0	0
2017-07-03	1645	0	0
2017-07-04	1646	0	0
2017-07-05	1647	0	0
2017-07-06	1648	0	0
2017-07-07	1649	0	0
2017-07-08	1650	0	0
2017-07-09	1651	0	0
2017-07-10	1652	0	0
2017-07-11	1653	0	0
2017-07-12	1654	0	0
2017-07-13	1655	0	0
2017-07-14	1656	0	0
2017-07-15	1657	0	0
2017-07-16	1658	0	0
2017-07-17	1659	0	0
2017-07-18	1660	0	0
2017-07-19	1661	0	0
2017-07-20	1662	0	0
2017-07-21	1663	0	0
2017-07-22	1664	0	0
2017-07-23	1665	0	0
2017-07-24	1666	0	0
2017-07-25	1667	0	0
2017-07-26	1668	0	0
2017-07-27	1669	0	0
2017-07-28	1670	0	0
2017-07-29	1671	0	0
2017-07-30	1672	0	0
2017-07-31	1673	0	0
2017-08-01	1674	0	0
2017-08-02	1675	0	0
2017-08-03	1676	0	0
2017-08-04	1677	0	0
2017-08-05	1678	0	0
2017-08-06	1679	0	0
2017-08-07	1680	0	0
2017-08-08	1681	0	0
2017-08-09	1682	0	0
2017-08-10	1683	0	0
2017-08-11	1684	0	0
2017-08-12	1685	0	0
2017-08-13	1686	0	0
2017-08-14	1687	0	0
2017-08-15	1688	0	0
2017-08-16	1689	0	0
2017-08-17	1690	0	0
2017-08-18	1691	0	0
2017-08-19	1692	0	0
2017-08-20	1693	0	0
2017-08-21	1694	0	0
2017-08-22	1695	0	0
2017-08-23	1696	0	0
2017-08-24	1697	0	0
2017-08-25	1698	0	0
2017-08-26	1699	0	0
2017-08-27	1700	0	0
2017-08-28	1701	0	0
2017-08-29	1702	0	0
2017-08-30	1703	0	0
2017-08-31	1704	0	0
2017-09-01	1705	0	0
2017-09-02	1706	0	0
2017-09-03	1707	0	0
2017-09-04	1708	0	0
2017-09-05	1709	0	0
2017-09-06	1710	0	0
2017-09-07	1711	0	0
2017-09-08	1712	0	0
2017-09-09	1713	0	0
2017-09-10	1714	0	0
2017-09-11	1715	0	0
2017-09-12	1716	0	0
2017-09-13	1717	0	0
2017-09-14	1718	0	0
2017-09-15	1719	0	0
2017-09-16	1720	0	0
2017-09-17	1721	0	0
2017-09-18	1722	0	0
2017-09-19	1723	0	0
2017-09-20	1724	0	0
2017-09-21	1725	0	0
2017-09-22	1726	0	0
2017-09-23	1727	0	0
2017-09-24	1728	0	0
2017-09-25	1729	0	0
2017-09-26	1730	0	0
2017-09-27	1731	0	0
2017-09-28	1732	0	0
2017-09-29	1733	0	0
2017-09-30	1734	0	0
2017-10-01	1735	0	0
2017-10-02	1736	0	0
2017-10-03	1737	0	0
2017-10-04	1738	0	0
2017-10-05	1739	0	0
2017-10-06	1740	0	0
2017-10-07	1741	0	0
2017-10-08	1742	0	0
2017-10-09	1743	0	0
2017-10-10	1744	0	0
2017-10-11	1745	0	0
2017-10-12	1746	0	0
2017-10-13	1747	0	0
2017-10-14	1748	0	0
2017-10-15	1749	0	0
2017-10-16	1750	0	0
2017-10-17	1751	0	0
2017-10-18	1752	0	0
2017-10-19	1753	0	0
2017-10-20	1754	0	0
2017-10-21	1755	0	0
2017-10-22	1756	0	0
2017-10-23	1757	0	0
2017-10-24	1758	0	0
2017-10-25	1759	0	0
2017-10-26	1760	0	0
2017-10-27	1761	0	0
2017-10-28	1762	0	0
2017-10-29	1763	0	0
2017-10-30	1764	0	0
2017-10-31	1765	0	0
2017-11-01	1766	0	0
2017-11-02	1767	0	0
2017-11-03	1768	0	0
2017-11-04	1769	0	0
2017-11-05	1770	0	0
2017-11-06	1771	0	0
2017-11-07	1772	0	0
2017-11-08	1773	0	0
2017-11-09	1774	0	0
2017-11-10	1775	0	0
2017-11-11	1776	0	0
2017-11-12	1777	0	0
2017-11-13	1778	0	0
2017-11-14	1779	0	0
2017-11-15	1780	0	0
2017-11-16	1781	0	0
2017-11-17	1782	0	0
2017-11-18	1783	0	0
2017-11-19	1784	0	0
2017-11-20	1785	0	0
2017-11-21	1786	0	0
2017-11-22	1787	0	0
2017-11-23	1788	0	0
2017-11-24	1789	0	0
2017-11-25	1790	0	0
2017-11-26	1791	0	0
2017-11-27	1792	0	0
2017-11-28	1793	0	0
2017-11-29	1794	0	0
2017-11-30	1795	0	0
2017-12-01	1796	0	0
2017-12-02	1797	0	0
2017-12-03	1798	0	0
2017-12-04	1799	0	0
2017-12-05	1800	0	0
2017-12-06	1801	0	0
2017-12-07	1802	0	0
2017-12-08	1803	0	0
2017-12-09	1804	0	0
2017-12-10	1805	0	0
2017-12-11	1806	0	0
2017-12-12	1807	0	0
2017-12-13	1808	0	0
2017-12-14	1809	0	0
2017-12-15	1810	0	0
2017-12-16	1811	0	0
2017-12-17	1812	0	0
2017-12-18	1813	0	0
2017-12-19	1814	0	0
2017-12-20	1815	0	0
2017-12-21	1816	0	0
2017-12-22	1817	0	0
2017-12-23	1818	0	0
2017-12-24	1819	0	0
2017-12-25	1820	0	0
2017-12-26	1821	0	0
2017-12-27	1822	0	0
2017-12-28	1823	0	0
2017-12-29	1824	0	0
2017-12-30	1825	0	0
2017-12-31	1826	0	0
2018-01-01	1827	0	0
2018-01-02	1828	0	0
2018-01-03	1829	0	0
2018-01-04	1830	0	0
2018-01-05	1831	0	0
2018-01-06	1832	0	0
2018-01-07	1833	0	0
2018-01-08	1834	0	0
2018-01-09	1835	0	0
2018-01-10	1836	0	0
2018-01-11	1837	0	0
2018-01-12	1838	0	0
2018-01-13	1839	0	0
2018-01-14	1840	0	0
2018-01-15	1841	0	0
2018-01-16	1842	0	0
2018-01-17	1843	0	0
2018-01-18	1844	0	0
2018-01-19	1845	0	0
2018-01-20	1846	0	0
2018-01-21	1847	0	0
2018-01-22	1848	0	0
2018-01-23	1849	0	0
2018-01-24	1850	0	0
2018-01-25	1851	0	0
2018-01-26	1852	0	0
2018-01-27	1853	0	0
2018-01-28	1854	0	0
2018-01-29	1855	0	0
2018-01-30	1856	0	0
2018-01-31	1857	0	0
2018-02-01	1858	0	0
2018-02-02	1859	0	0
2018-02-03	1860	0	0
2018-02-04	1861	0	0
2018-02-05	1862	0	0
2018-02-06	1863	0	0
2018-02-07	1864	0	0
2018-02-08	1865	0	0
2018-02-09	1866	0	0
2018-02-10	1867	0	0
2018-02-11	1868	0	0
2018-02-12	1869	0	0
2018-02-13	1870	0	0
2018-02-14	1871	0	0
2018-02-15	1872	0	0
2018-02-16	1873	0	0
2018-02-17	1874	0	0
2018-02-18	1875	0	0
2018-02-19	1876	0	0
2018-02-20	1877	0	0
2018-02-21	1878	0	0
2018-02-22	1879	0	0
2018-02-23	1880	0	0
2018-02-24	1881	0	0
2018-02-25	1882	0	0
2018-02-26	1883	0	0
2018-02-27	1884	0	0
2018-02-28	1885	0	0
2018-03-01	1886	0	0
2018-03-02	1887	0	0
2018-03-03	1888	0	0
2018-03-04	1889	0	0
2018-03-05	1890	0	0
2018-03-06	1891	0	0
2018-03-07	1892	0	0
2018-03-08	1893	0	0
2018-03-09	1894	0	0
2018-03-10	1895	0	0
2018-03-11	1896	0	0
2018-03-12	1897	0	0
2018-03-13	1898	0	0
2018-03-14	1899	0	0
2018-03-15	1900	0	0
2018-03-16	1901	0	0
2018-03-17	1902	0	0
2018-03-18	1903	0	0
2018-03-19	1904	0	0
2018-03-20	1905	0	0
2018-03-21	1906	0	0
2018-03-22	1907	0	0
2018-03-23	1908	0	0
2018-03-24	1909	0	0
2018-03-25	1910	0	0
2018-03-26	1911	0	0
2018-03-27	1912	0	0
2018-03-28	1913	0	0
2018-03-29	1914	0	0
2018-03-30	1915	0	0
2018-03-31	1916	0	0
2018-04-01	1917	0	0
2018-04-02	1918	0	0
2018-04-03	1919	0	0
2018-04-04	1920	0	0
2018-04-05	1921	0	0
2018-04-06	1922	0	0
2018-04-07	1923	0	0
2018-04-08	1924	0	0
2018-04-09	1925	0	0
2018-04-10	1926	0	0
2018-04-11	1927	0	0
2018-04-12	1928	0	0
2018-04-13	1929	0	0
2018-04-14	1930	0	0
2018-04-15	1931	0	0
2018-04-16	1932	0	0
2018-04-17	1933	0	0
2018-04-18	1934	0	0
2018-04-19	1935	0	0
2018-04-20	1936	0	0
2018-04-21	1937	0	0
2018-04-22	1938	0	0
2018-04-23	1939	0	0
2018-04-24	1940	0	0
2018-04-25	1941	0	0
2018-04-26	1942	0	0
2018-04-27	1943	0	0
2018-04-28	1944	0	0
2018-04-29	1945	0	0
2018-04-30	1946	0	0
2018-05-01	1947	0	0
2018-05-02	1948	0	0
2018-05-03	1949	0	0
2018-05-04	1950	0	0
2018-05-05	1951	0	0
2018-05-06	1952	0	0
2018-05-07	1953	0	0
2018-05-08	1954	0	0
2018-05-09	1955	0	0
2018-05-10	1956	0	0
2018-05-11	1957	0	0
2018-05-12	1958	0	0
2018-05-13	1959	0	0
2018-05-14	1960	0	0
2018-05-15	1961	0	0
2018-05-16	1962	0	0
2018-05-17	1963	0	0
2018-05-18	1964	0	0
2018-05-19	1965	0	0
2018-05-20	1966	0	0
2018-05-21	1967	0	0
2018-05-22	1968	0	0
2018-05-23	1969	0	0
2018-05-24	1970	0	0
2018-05-25	1971	0	0
2018-05-26	1972	0	0
2018-05-27	1973	0	0
2018-05-28	1974	0	0
2018-05-29	1975	0	0
2018-05-30	1976	0	0
2018-05-31	1977	0	0
2018-06-01	1978	0	0
2018-06-02	1979	0	0
2018-06-03	1980	0	0
2018-06-04	1981	0	0
2018-06-05	1982	0	0
2018-06-06	1983	0	0
2018-06-07	1984	0	0
2018-06-08	1985	0	0
2018-06-09	1986	0	0
2018-06-10	1987	0	0
2018-06-11	1988	0	0
2018-06-12	1989	0	0
2018-06-13	1990	0	0
2018-06-14	1991	0	0
2018-06-15	1992	0	0
2018-06-16	1993	0	0
2018-06-17	1994	0	0
2018-06-18	1995	0	0
2018-06-19	1996	0	0
2018-06-20	1997	0	0
2018-06-21	1998	0	0
2018-06-22	1999	0	0
2018-06-23	2000	0	0
2018-06-24	2001	0	0
2018-06-25	2002	0	0
2018-06-26	2003	0	0
2018-06-27	2004	0	0
2018-06-28	2005	0	0
2018-06-29	2006	0	0
2018-06-30	2007	0	0
2018-07-01	2008	0	0
2018-07-02	2009	0	0
2018-07-03	2010	0	0
2018-07-04	2011	0	0
2018-07-05	2012	0	0
2018-07-06	2013	0	0
2018-07-07	2014	0	0
2018-07-08	2015	0	0
2018-07-09	2016	0	0
2018-07-10	2017	0	0
2018-07-11	2018	0	0
2018-07-12	2019	0	0
2018-07-13	2020	0	0
2018-07-14	2021	0	0
2018-07-15	2022	0	0
2018-07-16	2023	0	0
2018-07-17	2024	0	0
2018-07-18	2025	0	0
2018-07-19	2026	0	0
2018-07-20	2027	0	0
2018-07-21	2028	0	0
2018-07-22	2029	0	0
2018-07-23	2030	0	0
2018-07-24	2031	0	0
2018-07-25	2032	0	0
2018-07-26	2033	0	0
2018-07-27	2034	0	0
2018-07-28	2035	0	0
2018-07-29	2036	0	0
2018-07-30	2037	0	0
2018-07-31	2038	0	0
2018-08-01	2039	0	0
2018-08-02	2040	0	0
2018-08-03	2041	0	0
2018-08-04	2042	0	0
2018-08-05	2043	0	0
2018-08-06	2044	0	0
2018-08-07	2045	0	0
2018-08-08	2046	0	0
2018-08-09	2047	0	0
2018-08-10	2048	0	0
2018-08-11	2049	0	0
2018-08-12	2050	0	0
2018-08-13	2051	0	0
2018-08-14	2052	0	0
2018-08-15	2053	0	0
2018-08-16	2054	0	0
2018-08-17	2055	0	0
2018-08-18	2056	0	0
2018-08-19	2057	0	0
2018-08-20	2058	0	0
2018-08-21	2059	0	0
2018-08-22	2060	0	0
2018-08-23	2061	0	0
2018-08-24	2062	0	0
2018-08-25	2063	0	0
2018-08-26	2064	0	0
2018-08-27	2065	0	0
2018-08-28	2066	0	0
2018-08-29	2067	0	0
2018-08-30	2068	0	0
2018-08-31	2069	0	0
2018-09-01	2070	0	0
2018-09-02	2071	0	0
2018-09-03	2072	0	0
2018-09-04	2073	0	0
2018-09-05	2074	0	0
2018-09-06	2075	0	0
2018-09-07	2076	0	0
2018-09-08	2077	0	0
2018-09-09	2078	0	0
2018-09-10	2079	0	0
2018-09-11	2080	0	0
2018-09-12	2081	0	0
2018-09-13	2082	0	0
2018-09-14	2083	0	0
2018-09-15	2084	0	0
2018-09-16	2085	0	0
2018-09-17	2086	0	0
2018-09-18	2087	0	0
2018-09-19	2088	0	0
2018-09-20	2089	0	0
2018-09-21	2090	0	0
2018-09-22	2091	0	0
2018-09-23	2092	0	0
2018-09-24	2093	0	0
2018-09-25	2094	0	0
2018-09-26	2095	0	0
2018-09-27	2096	0	0
2018-09-28	2097	0	0
2018-09-29	2098	0	0
2018-09-30	2099	0	0
2018-10-01	2100	0	0
2018-10-02	2101	0	0
2018-10-03	2102	0	0
2018-10-04	2103	0	0
2018-10-05	2104	0	0
2018-10-06	2105	0	0
2018-10-07	2106	0	0
2018-10-08	2107	0	0
2018-10-09	2108	0	0
2018-10-10	2109	0	0
2018-10-11	2110	0	0
2018-10-12	2111	0	0
2018-10-13	2112	0	0
2018-10-14	2113	0	0
2018-10-15	2114	0	0
2018-10-16	2115	0	0
2018-10-17	2116	0	0
2018-10-18	2117	0	0
2018-10-19	2118	0	0
2018-10-20	2119	0	0
2018-10-21	2120	0	0
2018-10-22	2121	0	0
2018-10-23	2122	0	0
2018-10-24	2123	0	0
2018-10-25	2124	0	0
2018-10-26	2125	0	0
2018-10-27	2126	0	0
2018-10-28	2127	0	0
2018-10-29	2128	0	0
2018-10-30	2129	0	0
2018-10-31	2130	0	0
2018-11-01	2131	0	0
2018-11-02	2132	0	0
2018-11-03	2133	0	0
2018-11-04	2134	0	0
2018-11-05	2135	0	0
2018-11-06	2136	0	0
2018-11-07	2137	0	0
2018-11-08	2138	0	0
2018-11-09	2139	0	0
2018-11-10	2140	0	0
2018-11-11	2141	0	0
2018-11-12	2142	0	0
2018-11-13	2143	0	0
2018-11-14	2144	0	0
2018-11-15	2145	0	0
2018-11-16	2146	0	0
2018-11-17	2147	0	0
2018-11-18	2148	0	0
2018-11-19	2149	0	0
2018-11-20	2150	0	0
2018-11-21	2151	0	0
2018-11-22	2152	0	0
2018-11-23	2153	0	0
2018-11-24	2154	0	0
2018-11-25	2155	0	0
2018-11-26	2156	0	0
2018-11-27	2157	0	0
2018-11-28	2158	0	0
2018-11-29	2159	0	0
2018-11-30	2160	0	0
2018-12-01	2161	0	0
2018-12-02	2162	0	0
2018-12-03	2163	0	0
2018-12-04	2164	0	0
2018-12-05	2165	0	0
2018-12-06	2166	0	0
2018-12-07	2167	0	0
2018-12-08	2168	0	0
2018-12-09	2169	0	0
2018-12-10	2170	0	0
2018-12-11	2171	0	0
2018-12-12	2172	0	0
2018-12-13	2173	0	0
2018-12-14	2174	0	0
2018-12-15	2175	0	0
2018-12-16	2176	0	0
2018-12-17	2177	0	0
2018-12-18	2178	0	0
2018-12-19	2179	0	0
2018-12-20	2180	0	0
2018-12-21	2181	0	0
2018-12-22	2182	0	0
2018-12-23	2183	0	0
2018-12-24	2184	0	0
2018-12-25	2185	0	0
2018-12-26	2186	0	0
2018-12-27	2187	0	0
2018-12-28	2188	0	0
2018-12-29	2189	0	0
2018-12-30	2190	0	0
2018-12-31	2191	0	0
2019-01-01	2192	0	0
2019-01-02	2193	0	0
2019-01-03	2194	0	0
2019-01-04	2195	0	0
2019-01-05	2196	0	0
2019-01-06	2197	0	0
2019-01-07	2198	0	0
2019-01-08	2199	0	0
2019-01-09	2200	0	0
2019-01-10	2201	0	0
2019-01-11	2202	0	0
2019-01-12	2203	0	0
2019-01-13	2204	0	0
2019-01-14	2205	0	0
2019-01-15	2206	0	0
2019-01-16	2207	0	0
2019-01-17	2208	0	0
2019-01-18	2209	0	0
2019-01-19	2210	0	0
2019-01-20	2211	0	0
2019-01-21	2212	0	0
2019-01-22	2213	0	0
2019-01-23	2214	0	0
2019-01-24	2215	0	0
2019-01-25	2216	0	0
2019-01-26	2217	0	0
2019-01-27	2218	0	0
2019-01-28	2219	0	0
2019-01-29	2220	0	0
2019-01-30	2221	0	0
2019-01-31	2222	0	0
2019-02-01	2223	0	0
2019-02-02	2224	0	0
2019-02-03	2225	0	0
2019-02-04	2226	0	0
2019-02-05	2227	0	0
2019-02-06	2228	0	0
2019-02-07	2229	0	0
2019-02-08	2230	0	0
2019-02-09	2231	0	0
2019-02-10	2232	0	0
2019-02-11	2233	0	0
2019-02-12	2234	0	0
2019-02-13	2235	0	0
2019-02-14	2236	0	0
2019-02-15	2237	0	0
2019-02-16	2238	0	0
2019-02-17	2239	0	0
2019-02-18	2240	0	0
2019-02-19	2241	0	0
2019-02-20	2242	0	0
2019-02-21	2243	0	0
2019-02-22	2244	0	0
2019-02-23	2245	0	0
2019-02-24	2246	0	0
2019-02-25	2247	0	0
2019-02-26	2248	0	0
2019-02-27	2249	0	0
2019-02-28	2250	0	0
2019-03-01	2251	0	0
2019-03-02	2252	0	0
2019-03-03	2253	0	0
2019-03-04	2254	0	0
2019-03-05	2255	0	0
2019-03-06	2256	0	0
2019-03-07	2257	0	0
2019-03-08	2258	0	0
2019-03-09	2259	0	0
2019-03-10	2260	0	0
2019-03-11	2261	0	0
2019-03-12	2262	0	0
2019-03-13	2263	0	0
2019-03-14	2264	0	0
2019-03-15	2265	0	0
2019-03-16	2266	0	0
2019-03-17	2267	0	0
2019-03-18	2268	0	0
2019-03-19	2269	0	0
2019-03-20	2270	0	0
2019-03-21	2271	0	0
2019-03-22	2272	0	0
2019-03-23	2273	0	0
2019-03-24	2274	0	0
2019-03-25	2275	0	0
2019-03-26	2276	0	0
2019-03-27	2277	0	0
2019-03-28	2278	0	0
2019-03-29	2279	0	0
2019-03-30	2280	0	0
2019-03-31	2281	0	0
2019-04-01	2282	0	0
2019-04-02	2283	0	0
2019-04-03	2284	0	0
2019-04-04	2285	0	0
2019-04-05	2286	0	0
2019-04-06	2287	0	0
2019-04-07	2288	0	0
2019-04-08	2289	0	0
2019-04-09	2290	0	0
2019-04-10	2291	0	0
2019-04-11	2292	0	0
2019-04-12	2293	0	0
2019-04-13	2294	0	0
2019-04-14	2295	0	0
2019-04-15	2296	0	0
2019-04-16	2297	0	0
2019-04-17	2298	0	0
2019-04-18	2299	0	0
2019-04-19	2300	0	0
2019-04-20	2301	0	0
2019-04-21	2302	0	0
2019-04-22	2303	0	0
2019-04-23	2304	0	0
2019-04-24	2305	0	0
2019-04-25	2306	0	0
2019-04-26	2307	0	0
2019-04-27	2308	0	0
2019-04-28	2309	0	0
2019-04-29	2310	0	0
2019-04-30	2311	0	0
2019-05-01	2312	0	0
2019-05-02	2313	0	0
2019-05-03	2314	0	0
2019-05-04	2315	0	0
2019-05-05	2316	0	0
2019-05-06	2317	0	0
2019-05-07	2318	0	0
2019-05-08	2319	0	0
2019-05-09	2320	0	0
2019-05-10	2321	0	0
2019-05-11	2322	0	0
2019-05-12	2323	0	0
2019-05-13	2324	0	0
2019-05-14	2325	0	0
2019-05-15	2326	0	0
2019-05-16	2327	0	0
2019-05-17	2328	0	0
2019-05-18	2329	0	0
2019-05-19	2330	0	0
2019-05-20	2331	0	0
2019-05-21	2332	0	0
2019-05-22	2333	0	0
2019-05-23	2334	0	0
2019-05-24	2335	0	0
2019-05-25	2336	0	0
2019-05-26	2337	0	0
2019-05-27	2338	0	0
2019-05-28	2339	0	0
2019-05-29	2340	0	0
2019-05-30	2341	0	0
2019-05-31	2342	0	0
2019-06-01	2343	0	0
2019-06-02	2344	0	0
2019-06-03	2345	0	0
2019-06-04	2346	0	0
2019-06-05	2347	0	0
2019-06-06	2348	0	0
2019-06-07	2349	0	0
2019-06-08	2350	0	0
2019-06-09	2351	0	0
2019-06-10	2352	0	0
2019-06-11	2353	0	0
2019-06-12	2354	0	0
2019-06-13	2355	0	0
2019-06-14	2356	0	0
2019-06-15	2357	0	0
2019-06-16	2358	0	0
2019-06-17	2359	0	0
2019-06-18	2360	0	0
2019-06-19	2361	0	0
2019-06-20	2362	0	0
2019-06-21	2363	0	0
2019-06-22	2364	0	0
2019-06-23	2365	0	0
2019-06-24	2366	0	0
2019-06-25	2367	0	0
2019-06-26	2368	0	0
2019-06-27	2369	0	0
2019-06-28	2370	0	0
2019-06-29	2371	0	0
2019-06-30	2372	0	0
2019-07-01	2373	0	0
2019-07-02	2374	0	0
2019-07-03	2375	0	0
2019-07-04	2376	0	0
2019-07-05	2377	0	0
2019-07-06	2378	0	0
2019-07-07	2379	0	0
2019-07-08	2380	0	0
2019-07-09	2381	0	0
2019-07-10	2382	0	0
2019-07-11	2383	0	0
2019-07-12	2384	0	0
2019-07-13	2385	0	0
2019-07-14	2386	0	0
2019-07-15	2387	0	0
2019-07-16	2388	0	0
2019-07-17	2389	0	0
2019-07-18	2390	0	0
2019-07-19	2391	0	0
2019-07-20	2392	0	0
2019-07-21	2393	0	0
2019-07-22	2394	0	0
2019-07-23	2395	0	0
2019-07-24	2396	0	0
2019-07-25	2397	0	0
2019-07-26	2398	0	0
2019-07-27	2399	0	0
2019-07-28	2400	0	0
2019-07-29	2401	0	0
2019-07-30	2402	0	0
2019-07-31	2403	0	0
2019-08-01	2404	0	0
2019-08-02	2405	0	0
2019-08-03	2406	0	0
2019-08-04	2407	0	0
2019-08-05	2408	0	0
2019-08-06	2409	0	0
2019-08-07	2410	0	0
2019-08-08	2411	0	0
2019-08-09	2412	0	0
2019-08-10	2413	0	0
2019-08-11	2414	0	0
2019-08-12	2415	0	0
2019-08-13	2416	0	0
2019-08-14	2417	0	0
2019-08-15	2418	0	0
2019-08-16	2419	0	0
2019-08-17	2420	0	0
2019-08-18	2421	0	0
2019-08-19	2422	0	0
2019-08-20	2423	0	0
2019-08-21	2424	0	0
2019-08-22	2425	0	0
2019-08-23	2426	0	0
2019-08-24	2427	0	0
2019-08-25	2428	0	0
2019-08-26	2429	0	0
2019-08-27	2430	0	0
2019-08-28	2431	0	0
2019-08-29	2432	0	0
2019-08-30	2433	0	0
2019-08-31	2434	0	0
2019-09-01	2435	0	0
2019-09-02	2436	0	0
2019-09-03	2437	0	0
2019-09-04	2438	0	0
2019-09-05	2439	0	0
2019-09-06	2440	0	0
2019-09-07	2441	0	0
2019-09-08	2442	0	0
2019-09-09	2443	0	0
2019-09-10	2444	0	0
2019-09-11	2445	0	0
2019-09-12	2446	0	0
2019-09-13	2447	0	0
2019-09-14	2448	0	0
2019-09-15	2449	0	0
2019-09-16	2450	0	0
2019-09-17	2451	0	0
2019-09-18	2452	0	0
2019-09-19	2453	0	0
2019-09-20	2454	0	0
2019-09-21	2455	0	0
2019-09-22	2456	0	0
2019-09-23	2457	0	0
2019-09-24	2458	0	0
2019-09-25	2459	0	0
2019-09-26	2460	0	0
2019-09-27	2461	0	0
2019-09-28	2462	0	0
2019-09-29	2463	0	0
2019-09-30	2464	0	0
2019-10-01	2465	0	0
2019-10-02	2466	0	0
2019-10-03	2467	0	0
2019-10-04	2468	0	0
2019-10-05	2469	0	0
2019-10-06	2470	0	0
2019-10-07	2471	0	0
2019-10-08	2472	0	0
2019-10-09	2473	0	0
2019-10-10	2474	0	0
2019-10-11	2475	0	0
2019-10-12	2476	0	0
2019-10-13	2477	0	0
2019-10-14	2478	0	0
2019-10-15	2479	0	0
2019-10-16	2480	0	0
2019-10-17	2481	0	0
2019-10-18	2482	0	0
2019-10-19	2483	0	0
2019-10-20	2484	0	0
2019-10-21	2485	0	0
2019-10-22	2486	0	0
2019-10-23	2487	0	0
2019-10-24	2488	0	0
2019-10-25	2489	0	0
2019-10-26	2490	0	0
2019-10-27	2491	0	0
2019-10-28	2492	0	0
2019-10-29	2493	0	0
2019-10-30	2494	0	0
2019-10-31	2495	0	0
2019-11-01	2496	0	0
2019-11-02	2497	0	0
2019-11-03	2498	0	0
2019-11-04	2499	0	0
2019-11-05	2500	0	0
2019-11-06	2501	0	0
2019-11-07	2502	0	0
2019-11-08	2503	0	0
2019-11-09	2504	0	0
2019-11-10	2505	0	0
2019-11-11	2506	0	0
2019-11-12	2507	0	0
2019-11-13	2508	0	0
2019-11-14	2509	0	0
2019-11-15	2510	0	0
2019-11-16	2511	0	0
2019-11-17	2512	0	0
2019-11-18	2513	0	0
2019-11-19	2514	0	0
2019-11-20	2515	0	0
2019-11-21	2516	0	0
2019-11-22	2517	0	0
2019-11-23	2518	0	0
2019-11-24	2519	0	0
2019-11-25	2520	0	0
2019-11-26	2521	0	0
2019-11-27	2522	0	0
2019-11-28	2523	0	0
2019-11-29	2524	0	0
2019-11-30	2525	0	0
2019-12-01	2526	0	0
2019-12-02	2527	0	0
2019-12-03	2528	0	0
2019-12-04	2529	0	0
2019-12-05	2530	0	0
2019-12-06	2531	0	0
2019-12-07	2532	0	0
2019-12-08	2533	0	0
2019-12-09	2534	0	0
2019-12-10	2535	0	0
2019-12-11	2536	0	0
2019-12-12	2537	0	0
2019-12-13	2538	0	0
2019-12-14	2539	0	0
2019-12-15	2540	0	0
2019-12-16	2541	0	0
2019-12-17	2542	0	0
2019-12-18	2543	0	0
2019-12-19	2544	0	0
2019-12-20	2545	0	0
2019-12-21	2546	0	0
2019-12-22	2547	0	0
2019-12-23	2548	0	0
2019-12-24	2549	0	0
2019-12-25	2550	0	0
2019-12-26	2551	0	0
2019-12-27	2552	0	0
2019-12-28	2553	0	0
2019-12-29	2554	0	0
2019-12-30	2555	0	0
2019-12-31	2556	0	0
2020-01-01	2557	0	0
2020-01-02	2558	0	0
2020-01-03	2559	0	0
2020-01-04	2560	0	0
2020-01-05	2561	0	0
2020-01-06	2562	0	0
2020-01-07	2563	0	0
2020-01-08	2564	0	0
2020-01-09	2565	0	0
2020-01-10	2566	0	0
2020-01-11	2567	0	0
2020-01-12	2568	0	0
2020-01-13	2569	0	0
2020-01-14	2570	0	0
2020-01-15	2571	0	0
2020-01-16	2572	0	0
2020-01-17	2573	0	0
2020-01-18	2574	0	0
2020-01-19	2575	0	0
2020-01-20	2576	0	0
2020-01-21	2577	0	0
2020-01-22	2578	0	0
2020-01-23	2579	0	0
2020-01-24	2580	0	0
2020-01-25	2581	0	0
2020-01-26	2582	0	0
2020-01-27	2583	0	0
2020-01-28	2584	0	0
2020-01-29	2585	0	0
2020-01-30	2586	0	0
2020-01-31	2587	0	0
2020-02-01	2588	0	0
2020-02-02	2589	0	0
2020-02-03	2590	0	0
2020-02-04	2591	0	0
2020-02-05	2592	0	0
2020-02-06	2593	0	0
2020-02-07	2594	0	0
2020-02-08	2595	0	0
2020-02-09	2596	0	0
2020-02-10	2597	0	0
2020-02-11	2598	0	0
2020-02-12	2599	0	0
2020-02-13	2600	0	0
2020-02-14	2601	0	0
2020-02-15	2602	0	0
2020-02-16	2603	0	0
2020-02-17	2604	0	0
2020-02-18	2605	0	0
2020-02-19	2606	0	0
2020-02-20	2607	0	0
2020-02-21	2608	0	0
2020-02-22	2609	0	0
2020-02-23	2610	0	0
2020-02-24	2611	0	0
2020-02-25	2612	0	0
2020-02-26	2613	0	0
2020-02-27	2614	0	0
2020-02-28	2615	0	0
2020-02-29	2616	0	0
2020-03-01	2617	0	0
2020-03-02	2618	0	0
2020-03-03	2619	0	0
2020-03-04	2620	0	0
2020-03-05	2621	0	0
2020-03-06	2622	0	0
2020-03-07	2623	0	0
2020-03-08	2624	0	0
2020-03-09	2625	0	0
2020-03-10	2626	0	0
2020-03-11	2627	0	0
2020-03-12	2628	0	0
2020-03-13	2629	0	0
2020-03-14	2630	0	0
2020-03-15	2631	0	0
2020-03-16	2632	0	0
2020-03-17	2633	0	0
2020-03-18	2634	0	0
2020-03-19	2635	0	0
2020-03-20	2636	0	0
2020-03-21	2637	0	0
2020-03-22	2638	0	0
2020-03-23	2639	0	0
2020-03-24	2640	0	0
2020-03-25	2641	0	0
2020-03-26	2642	0	0
2020-03-27	2643	0	0
2020-03-28	2644	0	0
2020-03-29	2645	0	0
2020-03-30	2646	0	0
2020-03-31	2647	0	0
2020-04-01	2648	0	0
2020-04-02	2649	0	0
2020-04-03	2650	0	0
2020-04-04	2651	0	0
2020-04-05	2652	0	0
2020-04-06	2653	0	0
2020-04-07	2654	0	0
2020-04-08	2655	0	0
2020-04-09	2656	0	0
2020-04-10	2657	0	0
2020-04-11	2658	0	0
2020-04-12	2659	0	0
2020-04-13	2660	0	0
2020-04-14	2661	0	0
2020-04-15	2662	0	0
2020-04-16	2663	0	0
2020-04-17	2664	0	0
2020-04-18	2665	0	0
2020-04-19	2666	0	0
2020-04-20	2667	0	0
2020-04-21	2668	0	0
2020-04-22	2669	0	0
2020-04-23	2670	0	0
2020-04-24	2671	0	0
2020-04-25	2672	0	0
2020-04-26	2673	0	0
2020-04-27	2674	0	0
2020-04-28	2675	0	0
2020-04-29	2676	0	0
2020-04-30	2677	0	0
2020-05-01	2678	0	0
2020-05-02	2679	0	0
2020-05-03	2680	0	0
2020-05-04	2681	0	0
2020-05-05	2682	0	0
2020-05-06	2683	0	0
2020-05-07	2684	0	0
2020-05-08	2685	0	0
2020-05-09	2686	0	0
2020-05-10	2687	0	0
2020-05-11	2688	0	0
2020-05-12	2689	0	0
2020-05-13	2690	0	0
2020-05-14	2691	0	0
2020-05-15	2692	0	0
2020-05-16	2693	0	0
2020-05-17	2694	0	0
2020-05-18	2695	0	0
2020-05-19	2696	0	0
2020-05-20	2697	0	0
2020-05-21	2698	0	0
2020-05-22	2699	0	0
2020-05-23	2700	0	0
2020-05-24	2701	0	0
2020-05-25	2702	0	0
2020-05-26	2703	0	0
2020-05-27	2704	0	0
2020-05-28	2705	0	0
2020-05-29	2706	0	0
2020-05-30	2707	0	0
2020-05-31	2708	0	0
2020-06-01	2709	0	0
2020-06-02	2710	0	0
2020-06-03	2711	0	0
2020-06-04	2712	0	0
2020-06-05	2713	0	0
2020-06-06	2714	0	0
2020-06-07	2715	0	0
2020-06-08	2716	0	0
2020-06-09	2717	0	0
2020-06-10	2718	0	0
2020-06-11	2719	0	0
2020-06-12	2720	0	0
2020-06-13	2721	0	0
2020-06-14	2722	0	0
2020-06-15	2723	0	0
2020-06-16	2724	0	0
2020-06-17	2725	0	0
2020-06-18	2726	0	0
2020-06-19	2727	0	0
2020-06-20	2728	0	0
2020-06-21	2729	0	0
2020-06-22	2730	0	0
2020-06-23	2731	0	0
2020-06-24	2732	0	0
2020-06-25	2733	0	0
2020-06-26	2734	0	0
2020-06-27	2735	0	0
2020-06-28	2736	0	0
2020-06-29	2737	0	0
2020-06-30	2738	0	0
2020-07-01	2739	0	0
2020-07-02	2740	0	0
2020-07-03	2741	0	0
2020-07-04	2742	0	0
2020-07-05	2743	0	0
2020-07-06	2744	0	0
2020-07-07	2745	0	0
2020-07-08	2746	0	0
2020-07-09	2747	0	0
2020-07-10	2748	0	0
2020-07-11	2749	0	0
2020-07-12	2750	0	0
2020-07-13	2751	0	0
2020-07-14	2752	0	0
2020-07-15	2753	0	0
2020-07-16	2754	0	0
2020-07-17	2755	0	0
2020-07-18	2756	0	0
2020-07-19	2757	0	0
2020-07-20	2758	0	0
2020-07-21	2759	0	0
2020-07-22	2760	0	0
2020-07-23	2761	0	0
2020-07-24	2762	0	0
2020-07-25	2763	0	0
2020-07-26	2764	0	0
2020-07-27	2765	0	0
2020-07-28	2766	0	0
2020-07-29	2767	0	0
2020-07-30	2768	0	0
2020-07-31	2769	0	0
2020-08-01	2770	0	0
2020-08-02	2771	0	0
2020-08-03	2772	0	0
2020-08-04	2773	0	0
2020-08-05	2774	0	0
2020-08-06	2775	0	0
2020-08-07	2776	0	0
2020-08-08	2777	0	0
2020-08-09	2778	0	0
2020-08-10	2779	0	0
2020-08-11	2780	0	0
2020-08-12	2781	0	0
2020-08-13	2782	0	0
2020-08-14	2783	0	0
2020-08-15	2784	0	0
2020-08-16	2785	0	0
2020-08-17	2786	0	0
2020-08-18	2787	0	0
2020-08-19	2788	0	0
2020-08-20	2789	0	0
2020-08-21	2790	0	0
2020-08-22	2791	0	0
2020-08-23	2792	0	0
2020-08-24	2793	0	0
2020-08-25	2794	0	0
2020-08-26	2795	0	0
2020-08-27	2796	0	0
2020-08-28	2797	0	0
2020-08-29	2798	0	0
2020-08-30	2799	0	0
2020-08-31	2800	0	0
2020-09-01	2801	0	0
2020-09-02	2802	0	0
2020-09-03	2803	0	0
2020-09-04	2804	0	0
2020-09-05	2805	0	0
2020-09-06	2806	0	0
2020-09-07	2807	0	0
2020-09-08	2808	0	0
2020-09-09	2809	0	0
2020-09-10	2810	0	0
2020-09-11	2811	0	0
2020-09-12	2812	0	0
2020-09-13	2813	0	0
2020-09-14	2814	0	0
2020-09-15	2815	0	0
2020-09-16	2816	0	0
2020-09-17	2817	0	0
2020-09-18	2818	0	0
2020-09-19	2819	0	0
2020-09-20	2820	0	0
2020-09-21	2821	0	0
2020-09-22	2822	0	0
2020-09-23	2823	0	0
2020-09-24	2824	0	0
2020-09-25	2825	0	0
2020-09-26	2826	0	0
2020-09-27	2827	0	0
2020-09-28	2828	0	0
2020-09-29	2829	0	0
2020-09-30	2830	0	0
2020-10-01	2831	0	0
2020-10-02	2832	0	0
2020-10-03	2833	0	0
2020-10-04	2834	0	0
2020-10-05	2835	0	0
2020-10-06	2836	0	0
2020-10-07	2837	0	0
2020-10-08	2838	0	0
2020-10-09	2839	0	0
2020-10-10	2840	0	0
2020-10-11	2841	0	0
2020-10-12	2842	0	0
2020-10-13	2843	0	0
2020-10-14	2844	0	0
2020-10-15	2845	0	0
2020-10-16	2846	0	0
2020-10-17	2847	0	0
2020-10-18	2848	0	0
2020-10-19	2849	0	0
2020-10-20	2850	0	0
2020-10-21	2851	0	0
2020-10-22	2852	0	0
2020-10-23	2853	0	0
2020-10-24	2854	0	0
2020-10-25	2855	0	0
2020-10-26	2856	0	0
2020-10-27	2857	0	0
2020-10-28	2858	0	0
2020-10-29	2859	0	0
2020-10-30	2860	0	0
2020-10-31	2861	0	0
2020-11-01	2862	0	0
2020-11-02	2863	0	0
2020-11-03	2864	0	0
2020-11-04	2865	0	0
2020-11-05	2866	0	0
2020-11-06	2867	0	0
2020-11-07	2868	0	0
2020-11-08	2869	0	0
2020-11-09	2870	0	0
2020-11-10	2871	0	0
2020-11-11	2872	0	0
2020-11-12	2873	0	0
2020-11-13	2874	0	0
2020-11-14	2875	0	0
2020-11-15	2876	0	0
2020-11-16	2877	0	0
2020-11-17	2878	0	0
2020-11-18	2879	0	0
2020-11-19	2880	0	0
2020-11-20	2881	0	0
2020-11-21	2882	0	0
2020-11-22	2883	0	0
2020-11-23	2884	0	0
2020-11-24	2885	0	0
2020-11-25	2886	0	0
2020-11-26	2887	0	0
2020-11-27	2888	0	0
2020-11-28	2889	0	0
2020-11-29	2890	0	0
2020-11-30	2891	0	0
2020-12-01	2892	0	0
2020-12-02	2893	0	0
2020-12-03	2894	0	0
2020-12-04	2895	0	0
2020-12-05	2896	0	0
2020-12-06	2897	0	0
2020-12-07	2898	0	0
2020-12-08	2899	0	0
2020-12-09	2900	0	0
2020-12-10	2901	0	0
2020-12-11	2902	0	0
2020-12-12	2903	0	0
2020-12-13	2904	0	0
2020-12-14	2905	0	0
2020-12-15	2906	0	0
2020-12-16	2907	0	0
2020-12-17	2908	0	0
2020-12-18	2909	0	0
2020-12-19	2910	0	0
2020-12-20	2911	0	0
2020-12-21	2912	0	0
2020-12-22	2913	0	0
2020-12-23	2914	0	0
2020-12-24	2915	0	0
2020-12-25	2916	0	0
2020-12-26	2917	0	0
2020-12-27	2918	0	0
2020-12-28	2919	0	0
2020-12-29	2920	0	0
2020-12-30	2921	0	0
2020-12-31	2922	0	0
2021-01-01	2923	0	0
2021-01-02	2924	0	0
2021-01-03	2925	0	0
2021-01-04	2926	0	0
2021-01-05	2927	0	0
2021-01-06	2928	0	0
2021-01-07	2929	0	0
2021-01-08	2930	0	0
2021-01-09	2931	0	0
2021-01-10	2932	0	0
2021-01-11	2933	0	0
2021-01-12	2934	0	0
2021-01-13	2935	0	0
2021-01-14	2936	0	0
2021-01-15	2937	0	0
2021-01-16	2938	0	0
2021-01-17	2939	0	0
2021-01-18	2940	0	0
2021-01-19	2941	0	0
2021-01-20	2942	0	0
2021-01-21	2943	0	0
2021-01-22	2944	0	0
2021-01-23	2945	0	0
2021-01-24	2946	0	0
2021-01-25	2947	0	0
2021-01-26	2948	0	0
2021-01-27	2949	0	0
2021-01-28	2950	0	0
2021-01-29	2951	0	0
2021-01-30	2952	0	0
2021-01-31	2953	0	0
2021-02-01	2954	0	0
2021-02-02	2955	0	0
2021-02-03	2956	0	0
2021-02-04	2957	0	0
2021-02-05	2958	0	0
2021-02-06	2959	0	0
2021-02-07	2960	0	0
2021-02-08	2961	0	0
2021-02-09	2962	0	0
2021-02-10	2963	0	0
2021-02-11	2964	0	0
2021-02-12	2965	0	0
2021-02-13	2966	0	0
2021-02-14	2967	0	0
2021-02-15	2968	0	0
2021-02-16	2969	0	0
2021-02-17	2970	0	0
2021-02-18	2971	0	0
2021-02-19	2972	0	0
2021-02-20	2973	0	0
2021-02-21	2974	0	0
2021-02-22	2975	0	0
2021-02-23	2976	0	0
2021-02-24	2977	0	0
2021-02-25	2978	0	0
2021-02-26	2979	0	0
2021-02-27	2980	0	0
2021-02-28	2981	0	0
2021-03-01	2982	0	0
2021-03-02	2983	0	0
2021-03-03	2984	0	0
2021-03-04	2985	0	0
2021-03-05	2986	0	0
2021-03-06	2987	0	0
2021-03-07	2988	0	0
2021-03-08	2989	0	0
2021-03-09	2990	0	0
2021-03-10	2991	0	0
2021-03-11	2992	0	0
2021-03-12	2993	0	0
2021-03-13	2994	0	0
2021-03-14	2995	0	0
2021-03-15	2996	0	0
2021-03-16	2997	0	0
2021-03-17	2998	0	0
2021-03-18	2999	0	0
2021-03-19	3000	0	0
2021-03-20	3001	0	0
2021-03-21	3002	0	0
2021-03-22	3003	0	0
2021-03-23	3004	0	0
2021-03-24	3005	0	0
2021-03-25	3006	0	0
2021-03-26	3007	0	0
2021-03-27	3008	0	0
2021-03-28	3009	0	0
2021-03-29	3010	0	0
2021-03-30	3011	0	0
2021-03-31	3012	0	0
2021-04-01	3013	0	0
2021-04-02	3014	0	0
2021-04-03	3015	0	0
2021-04-04	3016	0	0
2021-04-05	3017	0	0
2021-04-06	3018	0	0
2021-04-07	3019	0	0
2021-04-08	3020	0	0
2021-04-09	3021	0	0
2021-04-10	3022	0	0
2021-04-11	3023	0	0
2021-04-12	3024	0	0
2021-04-13	3025	0	0
2021-04-14	3026	0	0
2021-04-15	3027	0	0
2021-04-16	3028	0	0
2021-04-17	3029	0	0
2021-04-18	3030	0	0
2021-04-19	3031	0	0
2021-04-20	3032	0	0
2021-04-21	3033	0	0
2021-04-22	3034	0	0
2021-04-23	3035	0	0
2021-04-24	3036	0	0
2021-04-25	3037	0	0
2021-04-26	3038	0	0
2021-04-27	3039	0	0
2021-04-28	3040	0	0
2021-04-29	3041	0	0
2021-04-30	3042	0	0
2021-05-01	3043	0	0
2021-05-02	3044	0	0
2021-05-03	3045	0	0
2021-05-04	3046	0	0
2021-05-05	3047	0	0
2021-05-06	3048	0	0
2021-05-07	3049	0	0
2021-05-08	3050	0	0
2021-05-09	3051	0	0
2021-05-10	3052	0	0
2021-05-11	3053	0	0
2021-05-12	3054	0	0
2021-05-13	3055	0	0
2021-05-14	3056	0	0
2021-05-15	3057	0	0
2021-05-16	3058	0	0
2021-05-17	3059	0	0
2021-05-18	3060	0	0
2021-05-19	3061	0	0
2021-05-20	3062	0	0
2021-05-21	3063	0	0
2021-05-22	3064	0	0
2021-05-23	3065	0	0
2021-05-24	3066	0	0
2021-05-25	3067	0	0
2021-05-26	3068	0	0
2021-05-27	3069	0	0
2021-05-28	3070	0	0
2021-05-29	3071	0	0
2021-05-30	3072	0	0
2021-05-31	3073	0	0
2021-06-01	3074	0	0
2021-06-02	3075	0	0
2021-06-03	3076	0	0
2021-06-04	3077	0	0
2021-06-05	3078	0	0
2021-06-06	3079	0	0
2021-06-07	3080	0	0
2021-06-08	3081	0	0
2021-06-09	3082	0	0
2021-06-10	3083	0	0
2021-06-11	3084	0	0
2021-06-12	3085	0	0
2021-06-13	3086	0	0
2021-06-14	3087	0	0
2021-06-15	3088	0	0
2021-06-16	3089	0	0
2021-06-17	3090	0	0
2021-06-18	3091	0	0
2021-06-19	3092	0	0
2021-06-20	3093	0	0
2021-06-21	3094	0	0
2021-06-22	3095	0	0
2021-06-23	3096	0	0
2021-06-24	3097	0	0
2021-06-25	3098	0	0
2021-06-26	3099	0	0
2021-06-27	3100	0	0
2021-06-28	3101	0	0
2021-06-29	3102	0	0
2021-06-30	3103	0	0
2021-07-01	3104	0	0
2021-07-02	3105	0	0
2021-07-03	3106	0	0
2021-07-04	3107	0	0
2021-07-05	3108	0	0
2021-07-06	3109	0	0
2021-07-07	3110	0	0
2021-07-08	3111	0	0
2021-07-09	3112	0	0
2021-07-10	3113	0	0
2021-07-11	3114	0	0
2021-07-12	3115	0	0
2021-07-13	3116	0	0
2021-07-14	3117	0	0
2021-07-15	3118	0	0
2021-07-16	3119	0	0
2021-07-17	3120	0	0
2021-07-18	3121	0	0
2021-07-19	3122	0	0
2021-07-20	3123	0	0
2021-07-21	3124	0	0
2021-07-22	3125	0	0
2021-07-23	3126	0	0
2021-07-24	3127	0	0
2021-07-25	3128	0	0
2021-07-26	3129	0	0
2021-07-27	3130	0	0
2021-07-28	3131	0	0
2021-07-29	3132	0	0
2021-07-30	3133	0	0
2021-07-31	3134	0	0
2021-08-01	3135	0	0
2021-08-02	3136	0	0
2021-08-03	3137	0	0
2021-08-04	3138	0	0
2021-08-05	3139	0	0
2021-08-06	3140	0	0
2021-08-07	3141	0	0
2021-08-08	3142	0	0
2021-08-09	3143	0	0
2021-08-10	3144	0	0
2021-08-11	3145	0	0
2021-08-12	3146	0	0
2021-08-13	3147	0	0
2021-08-14	3148	0	0
2021-08-15	3149	0	0
2021-08-16	3150	0	0
2021-08-17	3151	0	0
2021-08-18	3152	0	0
2021-08-19	3153	0	0
2021-08-20	3154	0	0
2021-08-21	3155	0	0
2021-08-22	3156	0	0
2021-08-23	3157	0	0
2021-08-24	3158	0	0
2021-08-25	3159	0	0
2021-08-26	3160	0	0
2021-08-27	3161	0	0
2021-08-28	3162	0	0
2021-08-29	3163	0	0
2021-08-30	3164	0	0
2021-08-31	3165	0	0
2021-09-01	3166	0	0
2021-09-02	3167	0	0
2021-09-03	3168	0	0
2021-09-04	3169	0	0
2021-09-05	3170	0	0
2021-09-06	3171	0	0
2021-09-07	3172	0	0
2021-09-08	3173	0	0
2021-09-09	3174	0	0
2021-09-10	3175	0	0
2021-09-11	3176	0	0
2021-09-12	3177	0	0
2021-09-13	3178	0	0
2021-09-14	3179	0	0
2021-09-15	3180	0	0
2021-09-16	3181	0	0
2021-09-17	3182	0	0
2021-09-18	3183	0	0
2021-09-19	3184	0	0
2021-09-20	3185	0	0
2021-09-21	3186	0	0
2021-09-22	3187	0	0
2021-09-23	3188	0	0
2021-09-24	3189	0	0
2021-09-25	3190	0	0
2021-09-26	3191	0	0
2021-09-27	3192	0	0
2021-09-28	3193	0	0
2021-09-29	3194	0	0
2021-09-30	3195	0	0
2021-10-01	3196	0	0
2021-10-02	3197	0	0
2021-10-03	3198	0	0
2021-10-04	3199	0	0
2021-10-05	3200	0	0
2021-10-06	3201	0	0
2021-10-07	3202	0	0
2021-10-08	3203	0	0
2021-10-09	3204	0	0
2021-10-10	3205	0	0
2021-10-11	3206	0	0
2021-10-12	3207	0	0
2021-10-13	3208	0	0
2021-10-14	3209	0	0
2021-10-15	3210	0	0
2021-10-16	3211	0	0
2021-10-17	3212	0	0
2021-10-18	3213	0	0
2021-10-19	3214	0	0
2021-10-20	3215	0	0
2021-10-21	3216	0	0
2021-10-22	3217	0	0
2021-10-23	3218	0	0
2021-10-24	3219	0	0
2021-10-25	3220	0	0
2021-10-26	3221	0	0
2021-10-27	3222	0	0
2021-10-28	3223	0	0
2021-10-29	3224	0	0
2021-10-30	3225	0	0
2021-10-31	3226	0	0
2021-11-01	3227	0	0
2021-11-02	3228	0	0
2021-11-03	3229	0	0
2021-11-04	3230	0	0
2021-11-05	3231	0	0
2021-11-06	3232	0	0
2021-11-07	3233	0	0
2021-11-08	3234	0	0
2021-11-09	3235	0	0
2021-11-10	3236	0	0
2021-11-11	3237	0	0
2021-11-12	3238	0	0
2021-11-13	3239	0	0
2021-11-14	3240	0	0
2021-11-15	3241	0	0
2021-11-16	3242	0	0
2021-11-17	3243	0	0
2021-11-18	3244	0	0
2021-11-19	3245	0	0
2021-11-20	3246	0	0
2021-11-21	3247	0	0
2021-11-22	3248	0	0
2021-11-23	3249	0	0
2021-11-24	3250	0	0
2021-11-25	3251	0	0
2021-11-26	3252	0	0
2021-11-27	3253	0	0
2021-11-28	3254	0	0
2021-11-29	3255	0	0
2021-11-30	3256	0	0
2021-12-01	3257	0	0
2021-12-02	3258	0	0
2021-12-03	3259	0	0
2021-12-04	3260	0	0
2021-12-05	3261	0	0
2021-12-06	3262	0	0
2021-12-07	3263	0	0
2021-12-08	3264	0	0
2021-12-09	3265	0	0
2021-12-10	3266	0	0
2021-12-11	3267	0	0
2021-12-12	3268	0	0
2021-12-13	3269	0	0
2021-12-14	3270	0	0
2021-12-15	3271	0	0
2021-12-16	3272	0	0
2021-12-17	3273	0	0
2021-12-18	3274	0	0
2021-12-19	3275	0	0
2021-12-20	3276	0	0
2021-12-21	3277	0	0
2021-12-22	3278	0	0
2021-12-23	3279	0	0
2021-12-24	3280	0	0
2021-12-25	3281	0	0
2021-12-26	3282	0	0
2021-12-27	3283	0	0
2021-12-28	3284	0	0
2021-12-29	3285	0	0
2021-12-30	3286	0	0
2021-12-31	3287	0	0
2022-01-01	3288	0	0
2022-01-02	3289	0	0
2022-01-03	3290	0	0
2022-01-04	3291	0	0
2022-01-05	3292	0	0
2022-01-06	3293	0	0
2022-01-07	3294	0	0
2022-01-08	3295	0	0
2022-01-09	3296	0	0
2022-01-10	3297	0	0
2022-01-11	3298	0	0
2022-01-12	3299	0	0
2022-01-13	3300	0	0
2022-01-14	3301	0	0
2022-01-15	3302	0	0
2022-01-16	3303	0	0
2022-01-17	3304	0	0
2022-01-18	3305	0	0
2022-01-19	3306	0	0
2022-01-20	3307	0	0
2022-01-21	3308	0	0
2022-01-22	3309	0	0
2022-01-23	3310	0	0
2022-01-24	3311	0	0
2022-01-25	3312	0	0
2022-01-26	3313	0	0
2022-01-27	3314	0	0
2022-01-28	3315	0	0
2022-01-29	3316	0	0
2022-01-30	3317	0	0
2022-01-31	3318	0	0
2022-02-01	3319	0	0
2022-02-02	3320	0	0
2022-02-03	3321	0	0
2022-02-04	3322	0	0
2022-02-05	3323	0	0
2022-02-06	3324	0	0
2022-02-07	3325	0	0
2022-02-08	3326	0	0
2022-02-09	3327	0	0
2022-02-10	3328	0	0
2022-02-11	3329	0	0
2022-02-12	3330	0	0
2022-02-13	3331	0	0
2022-02-14	3332	0	0
2022-02-15	3333	0	0
2022-02-16	3334	0	0
2022-02-17	3335	0	0
2022-02-18	3336	0	0
2022-02-19	3337	0	0
2022-02-20	3338	0	0
2022-02-21	3339	0	0
2022-02-22	3340	0	0
2022-02-23	3341	0	0
2022-02-24	3342	0	0
2022-02-25	3343	0	0
2022-02-26	3344	0	0
2022-02-27	3345	0	0
2022-02-28	3346	0	0
2022-03-01	3347	0	0
2022-03-02	3348	0	0
2022-03-03	3349	0	0
2022-03-04	3350	0	0
2022-03-05	3351	0	0
2022-03-06	3352	0	0
2022-03-07	3353	0	0
2022-03-08	3354	0	0
2022-03-09	3355	0	0
2022-03-10	3356	0	0
2022-03-11	3357	0	0
2022-03-12	3358	0	0
2022-03-13	3359	0	0
2022-03-14	3360	0	0
2022-03-15	3361	0	0
2022-03-16	3362	0	0
2022-03-17	3363	0	0
2022-03-18	3364	0	0
2022-03-19	3365	0	0
2022-03-20	3366	0	0
2022-03-21	3367	0	0
2022-03-22	3368	0	0
2022-03-23	3369	0	0
2022-03-24	3370	0	0
2022-03-25	3371	0	0
2022-03-26	3372	0	0
2022-03-27	3373	0	0
2022-03-28	3374	0	0
2022-03-29	3375	0	0
2022-03-30	3376	0	0
2022-03-31	3377	0	0
2022-04-01	3378	0	0
2022-04-02	3379	0	0
2022-04-03	3380	0	0
2022-04-04	3381	0	0
2022-04-05	3382	0	0
2022-04-06	3383	0	0
2022-04-07	3384	0	0
2022-04-08	3385	0	0
2022-04-09	3386	0	0
2022-04-10	3387	0	0
2022-04-11	3388	0	0
2022-04-12	3389	0	0
2022-04-13	3390	0	0
2022-04-14	3391	0	0
2022-04-15	3392	0	0
2022-04-16	3393	0	0
2022-04-17	3394	0	0
2022-04-18	3395	0	0
2022-04-19	3396	0	0
2022-04-20	3397	0	0
2022-04-21	3398	0	0
2022-04-22	3399	0	0
2022-04-23	3400	0	0
2022-04-24	3401	0	0
2022-04-25	3402	0	0
2022-04-26	3403	0	0
2022-04-27	3404	0	0
2022-04-28	3405	0	0
2022-04-29	3406	0	0
2022-04-30	3407	0	0
2022-05-01	3408	0	0
2022-05-02	3409	0	0
2022-05-03	3410	0	0
2022-05-04	3411	0	0
2022-05-05	3412	0	0
2022-05-06	3413	0	0
2022-05-07	3414	0	0
2022-05-08	3415	0	0
2022-05-09	3416	0	0
2022-05-10	3417	0	0
2022-05-11	3418	0	0
2022-05-12	3419	0	0
2022-05-13	3420	0	0
2022-05-14	3421	0	0
2022-05-15	3422	0	0
2022-05-16	3423	0	0
2022-05-17	3424	0	0
2022-05-18	3425	0	0
2022-05-19	3426	0	0
2022-05-20	3427	0	0
2022-05-21	3428	0	0
2022-05-22	3429	0	0
2022-05-23	3430	0	0
2022-05-24	3431	0	0
2022-05-25	3432	0	0
2022-05-26	3433	0	0
2022-05-27	3434	0	0
2022-05-28	3435	0	0
2022-05-29	3436	0	0
2022-05-30	3437	0	0
2022-05-31	3438	0	0
2022-06-01	3439	0	0
2022-06-02	3440	0	0
2022-06-03	3441	0	0
2022-06-04	3442	0	0
2022-06-05	3443	0	0
2022-06-06	3444	0	0
2022-06-07	3445	0	0
2022-06-08	3446	0	0
2022-06-09	3447	0	0
2022-06-10	3448	0	0
2022-06-11	3449	0	0
2022-06-12	3450	0	0
2022-06-13	3451	0	0
2022-06-14	3452	0	0
2022-06-15	3453	0	0
2022-06-16	3454	0	0
2022-06-17	3455	0	0
2022-06-18	3456	0	0
2022-06-19	3457	0	0
2022-06-20	3458	0	0
2022-06-21	3459	0	0
2022-06-22	3460	0	0
2022-06-23	3461	0	0
2022-06-24	3462	0	0
2022-06-25	3463	0	0
2022-06-26	3464	0	0
2022-06-27	3465	0	0
2022-06-28	3466	0	0
2022-06-29	3467	0	0
2022-06-30	3468	0	0
2022-07-01	3469	0	0
2022-07-02	3470	0	0
2022-07-03	3471	0	0
2022-07-04	3472	0	0
2022-07-05	3473	0	0
2022-07-06	3474	0	0
2022-07-07	3475	0	0
2022-07-08	3476	0	0
2022-07-09	3477	0	0
2022-07-10	3478	0	0
2022-07-11	3479	0	0
2022-07-12	3480	0	0
2022-07-13	3481	0	0
2022-07-14	3482	0	0
2022-07-15	3483	0	0
2022-07-16	3484	0	0
2022-07-17	3485	0	0
2022-07-18	3486	0	0
2022-07-19	3487	0	0
2022-07-20	3488	0	0
2022-07-21	3489	0	0
2022-07-22	3490	0	0
2022-07-23	3491	0	0
2022-07-24	3492	0	0
2022-07-25	3493	0	0
2022-07-26	3494	0	0
2022-07-27	3495	0	0
2022-07-28	3496	0	0
2022-07-29	3497	0	0
2022-07-30	3498	0	0
2022-07-31	3499	0	0
2022-08-01	3500	0	0
2022-08-02	3501	0	0
2022-08-03	3502	0	0
2022-08-04	3503	0	0
2022-08-05	3504	0	0
2022-08-06	3505	0	0
2022-08-07	3506	0	0
2022-08-08	3507	0	0
2022-08-09	3508	0	0
2022-08-10	3509	0	0
2022-08-11	3510	0	0
2022-08-12	3511	0	0
2022-08-13	3512	0	0
2022-08-14	3513	0	0
2022-08-15	3514	0	0
2022-08-16	3515	0	0
2022-08-17	3516	0	0
2022-08-18	3517	0	0
2022-08-19	3518	0	0
2022-08-20	3519	0	0
2022-08-21	3520	0	0
2022-08-22	3521	0	0
2022-08-23	3522	0	0
2022-08-24	3523	0	0
2022-08-25	3524	0	0
2022-08-26	3525	0	0
2022-08-27	3526	0	0
2022-08-28	3527	0	0
2022-08-29	3528	0	0
2022-08-30	3529	0	0
2022-08-31	3530	0	0
2022-09-01	3531	0	0
2022-09-02	3532	0	0
2022-09-03	3533	0	0
2022-09-04	3534	0	0
2022-09-05	3535	0	0
2022-09-06	3536	0	0
2022-09-07	3537	0	0
2022-09-08	3538	0	0
2022-09-09	3539	0	0
2022-09-10	3540	0	0
2022-09-11	3541	0	0
2022-09-12	3542	0	0
2022-09-13	3543	0	0
2022-09-14	3544	0	0
2022-09-15	3545	0	0
2022-09-16	3546	0	0
2022-09-17	3547	0	0
2022-09-18	3548	0	0
2022-09-19	3549	0	0
2022-09-20	3550	0	0
2022-09-21	3551	0	0
2022-09-22	3552	0	0
2022-09-23	3553	0	0
2022-09-24	3554	0	0
2022-09-25	3555	0	0
2022-09-26	3556	0	0
2022-09-27	3557	0	0
2022-09-28	3558	0	0
2022-09-29	3559	0	0
2022-09-30	3560	0	0
2022-10-01	3561	0	0
2022-10-02	3562	0	0
2022-10-03	3563	0	0
2022-10-04	3564	0	0
2022-10-05	3565	0	0
2022-10-06	3566	0	0
2022-10-07	3567	0	0
2022-10-08	3568	0	0
2022-10-09	3569	0	0
2022-10-10	3570	0	0
2022-10-11	3571	0	0
2022-10-12	3572	0	0
2022-10-13	3573	0	0
2022-10-14	3574	0	0
2022-10-15	3575	0	0
2022-10-16	3576	0	0
2022-10-17	3577	0	0
2022-10-18	3578	0	0
2022-10-19	3579	0	0
2022-10-20	3580	0	0
2022-10-21	3581	0	0
2022-10-22	3582	0	0
2022-10-23	3583	0	0
2022-10-24	3584	0	0
2022-10-25	3585	0	0
2022-10-26	3586	0	0
2022-10-27	3587	0	0
2022-10-28	3588	0	0
2022-10-29	3589	0	0
2022-10-30	3590	0	0
2022-10-31	3591	0	0
2022-11-01	3592	0	0
2022-11-02	3593	0	0
2022-11-03	3594	0	0
2022-11-04	3595	0	0
2022-11-05	3596	0	0
2022-11-06	3597	0	0
2022-11-07	3598	0	0
2022-11-08	3599	0	0
2022-11-09	3600	0	0
2022-11-10	3601	0	0
2022-11-11	3602	0	0
2022-11-12	3603	0	0
2022-11-13	3604	0	0
2022-11-14	3605	0	0
2022-11-15	3606	0	0
2022-11-16	3607	0	0
2022-11-17	3608	0	0
2022-11-18	3609	0	0
2022-11-19	3610	0	0
2022-11-20	3611	0	0
2022-11-21	3612	0	0
2022-11-22	3613	0	0
2022-11-23	3614	0	0
2022-11-24	3615	0	0
2022-11-25	3616	0	0
2022-11-26	3617	0	0
2022-11-27	3618	0	0
2022-11-28	3619	0	0
2022-11-29	3620	0	0
2022-11-30	3621	0	0
2022-12-01	3622	0	0
2022-12-02	3623	0	0
2022-12-03	3624	0	0
2022-12-04	3625	0	0
2022-12-05	3626	0	0
2022-12-06	3627	0	0
2022-12-07	3628	0	0
2022-12-08	3629	0	0
2022-12-09	3630	0	0
2022-12-10	3631	0	0
2022-12-11	3632	0	0
2022-12-12	3633	0	0
2022-12-13	3634	0	0
2022-12-14	3635	0	0
2022-12-15	3636	0	0
2022-12-16	3637	0	0
2022-12-17	3638	0	0
2022-12-18	3639	0	0
2022-12-19	3640	0	0
2022-12-20	3641	0	0
2022-12-21	3642	0	0
2022-12-22	3643	0	0
2022-12-23	3644	0	0
2022-12-24	3645	0	0
2022-12-25	3646	0	0
2022-12-26	3647	0	0
2022-12-27	3648	0	0
2022-12-28	3649	0	0
2022-12-29	3650	0	0
2022-12-30	3651	0	0
2022-12-31	3652	0	0
2023-01-01	3653	0	0
2023-01-02	3654	0	0
2023-01-03	3655	0	0
2023-01-04	3656	0	0
2023-01-05	3657	0	0
2023-01-06	3658	0	0
2023-01-07	3659	0	0
2023-01-08	3660	0	0
2023-01-09	3661	0	0
2023-01-10	3662	0	0
2023-01-11	3663	0	0
2023-01-12	3664	0	0
2023-01-13	3665	0	0
2023-01-14	3666	0	0
2023-01-15	3667	0	0
2023-01-16	3668	0	0
2023-01-17	3669	0	0
2023-01-18	3670	0	0
2023-01-19	3671	0	0
2023-01-20	3672	0	0
2023-01-21	3673	0	0
2023-01-22	3674	0	0
2023-01-23	3675	0	0
2023-01-24	3676	0	0
2023-01-25	3677	0	0
2023-01-26	3678	0	0
2023-01-27	3679	0	0
2023-01-28	3680	0	0
2023-01-29	3681	0	0
2023-01-30	3682	0	0
2023-01-31	3683	0	0
2023-02-01	3684	0	0
2023-02-02	3685	0	0
2023-02-03	3686	0	0
2023-02-04	3687	0	0
2023-02-05	3688	0	0
2023-02-06	3689	0	0
2023-02-07	3690	0	0
2023-02-08	3691	0	0
2023-02-09	3692	0	0
2023-02-10	3693	0	0
2023-02-11	3694	0	0
2023-02-12	3695	0	0
2023-02-13	3696	0	0
2023-02-14	3697	0	0
2023-02-15	3698	0	0
2023-02-16	3699	0	0
2023-02-17	3700	0	0
2023-02-18	3701	0	0
2023-02-19	3702	0	0
2023-02-20	3703	0	0
2023-02-21	3704	0	0
2023-02-22	3705	0	0
2023-02-23	3706	0	0
2023-02-24	3707	0	0
2023-02-25	3708	0	0
2023-02-26	3709	0	0
2023-02-27	3710	0	0
2023-02-28	3711	0	0
2023-03-01	3712	0	0
2023-03-02	3713	0	0
2023-03-03	3714	0	0
2023-03-04	3715	0	0
2023-03-05	3716	0	0
2023-03-06	3717	0	0
2023-03-07	3718	0	0
2023-03-08	3719	0	0
2023-03-09	3720	0	0
2023-03-10	3721	0	0
2023-03-11	3722	0	0
2023-03-12	3723	0	0
2023-03-13	3724	0	0
2023-03-14	3725	0	0
2023-03-15	3726	0	0
2023-03-16	3727	0	0
2023-03-17	3728	0	0
2023-03-18	3729	0	0
2023-03-19	3730	0	0
2023-03-20	3731	0	0
2023-03-21	3732	0	0
2023-03-22	3733	0	0
2023-03-23	3734	0	0
2023-03-24	3735	0	0
2023-03-25	3736	0	0
2023-03-26	3737	0	0
2023-03-27	3738	0	0
2023-03-28	3739	0	0
2023-03-29	3740	0	0
2023-03-30	3741	0	0
2023-03-31	3742	0	0
2023-04-01	3743	0	0
2023-04-02	3744	0	0
2023-04-03	3745	0	0
2023-04-04	3746	0	0
2023-04-05	3747	0	0
2023-04-06	3748	0	0
2023-04-07	3749	0	0
2023-04-08	3750	0	0
2023-04-09	3751	0	0
2023-04-10	3752	0	0
2023-04-11	3753	0	0
2023-04-12	3754	0	0
2023-04-13	3755	0	0
2023-04-14	3756	0	0
2023-04-15	3757	0	0
2023-04-16	3758	0	0
2023-04-17	3759	0	0
2023-04-18	3760	0	0
2023-04-19	3761	0	0
2023-04-20	3762	0	0
2023-04-21	3763	0	0
2023-04-22	3764	0	0
2023-04-23	3765	0	0
2023-04-24	3766	0	0
2023-04-25	3767	0	0
2023-04-26	3768	0	0
2023-04-27	3769	0	0
2023-04-28	3770	0	0
2023-04-29	3771	0	0
2023-04-30	3772	0	0
2023-05-01	3773	0	0
2023-05-02	3774	0	0
2023-05-03	3775	0	0
2023-05-04	3776	0	0
2023-05-05	3777	0	0
2023-05-06	3778	0	0
2023-05-07	3779	0	0
2023-05-08	3780	0	0
2023-05-09	3781	0	0
2023-05-10	3782	0	0
2023-05-11	3783	0	0
2023-05-12	3784	0	0
2023-05-13	3785	0	0
2023-05-14	3786	0	0
2023-05-15	3787	0	0
2023-05-16	3788	0	0
2023-05-17	3789	0	0
2023-05-18	3790	0	0
2023-05-19	3791	0	0
2023-05-20	3792	0	0
2023-05-21	3793	0	0
2023-05-22	3794	0	0
2023-05-23	3795	0	0
2023-05-24	3796	0	0
2023-05-25	3797	0	0
2023-05-26	3798	0	0
2023-05-27	3799	0	0
2023-05-28	3800	0	0
2023-05-29	3801	0	0
2023-05-30	3802	0	0
2023-05-31	3803	0	0
2023-06-01	3804	0	0
2023-06-02	3805	0	0
2023-06-03	3806	0	0
2023-06-04	3807	0	0
2023-06-05	3808	0	0
2023-06-06	3809	0	0
2023-06-07	3810	0	0
2023-06-08	3811	0	0
2023-06-09	3812	0	0
2023-06-10	3813	0	0
2023-06-11	3814	0	0
2023-06-12	3815	0	0
2023-06-13	3816	0	0
2023-06-14	3817	0	0
2023-06-15	3818	0	0
2023-06-16	3819	0	0
2023-06-17	3820	0	0
2023-06-18	3821	0	0
2023-06-19	3822	0	0
2023-06-20	3823	0	0
2023-06-21	3824	0	0
2023-06-22	3825	0	0
2023-06-23	3826	0	0
2023-06-24	3827	0	0
2023-06-25	3828	0	0
2023-06-26	3829	0	0
2023-06-27	3830	0	0
2023-06-28	3831	0	0
2023-06-29	3832	0	0
2023-06-30	3833	0	0
2023-07-01	3834	0	0
2023-07-02	3835	0	0
2023-07-03	3836	0	0
2023-07-04	3837	0	0
2023-07-05	3838	0	0
2023-07-06	3839	0	0
2023-07-07	3840	0	0
2023-07-08	3841	0	0
2023-07-09	3842	0	0
2023-07-10	3843	0	0
2023-07-11	3844	0	0
2023-07-12	3845	0	0
2023-07-13	3846	0	0
2023-07-14	3847	0	0
2023-07-15	3848	0	0
2023-07-16	3849	0	0
2023-07-17	3850	0	0
2023-07-18	3851	0	0
2023-07-19	3852	0	0
2023-07-20	3853	0	0
2023-07-21	3854	0	0
2023-07-22	3855	0	0
2023-07-23	3856	0	0
2023-07-24	3857	0	0
2023-07-25	3858	0	0
2023-07-26	3859	0	0
2023-07-27	3860	0	0
2023-07-28	3861	0	0
2023-07-29	3862	0	0
2023-07-30	3863	0	0
2023-07-31	3864	0	0
2023-08-01	3865	0	0
2023-08-02	3866	0	0
2023-08-03	3867	0	0
2023-08-04	3868	0	0
2023-08-05	3869	0	0
2023-08-06	3870	0	0
2023-08-07	3871	0	0
2023-08-08	3872	0	0
2023-08-09	3873	0	0
2023-08-10	3874	0	0
2023-08-11	3875	0	0
2023-08-12	3876	0	0
2023-08-13	3877	0	0
2023-08-14	3878	0	0
2023-08-15	3879	0	0
2023-08-16	3880	0	0
2023-08-17	3881	0	0
2023-08-18	3882	0	0
2023-08-19	3883	0	0
2023-08-20	3884	0	0
2023-08-21	3885	0	0
2023-08-22	3886	0	0
2023-08-23	3887	0	0
2023-08-24	3888	0	0
2023-08-25	3889	0	0
2023-08-26	3890	0	0
2023-08-27	3891	0	0
2023-08-28	3892	0	0
2023-08-29	3893	0	0
2023-08-30	3894	0	0
2023-08-31	3895	0	0
2023-09-01	3896	0	0
2023-09-02	3897	0	0
2023-09-03	3898	0	0
2023-09-04	3899	0	0
2023-09-05	3900	0	0
2023-09-06	3901	0	0
2023-09-07	3902	0	0
2023-09-08	3903	0	0
2023-09-09	3904	0	0
2023-09-10	3905	0	0
2023-09-11	3906	0	0
2023-09-12	3907	0	0
2023-09-13	3908	0	0
2023-09-14	3909	0	0
2023-09-15	3910	0	0
2023-09-16	3911	0	0
2023-09-17	3912	0	0
2023-09-18	3913	0	0
2023-09-19	3914	0	0
2023-09-20	3915	0	0
2023-09-21	3916	0	0
2023-09-22	3917	0	0
2023-09-23	3918	0	0
2023-09-24	3919	0	0
2023-09-25	3920	0	0
2023-09-26	3921	0	0
2023-09-27	3922	0	0
2023-09-28	3923	0	0
2023-09-29	3924	0	0
2023-09-30	3925	0	0
2023-10-01	3926	0	0
2023-10-02	3927	0	0
2023-10-03	3928	0	0
2023-10-04	3929	0	0
2023-10-05	3930	0	0
2023-10-06	3931	0	0
2023-10-07	3932	0	0
2023-10-08	3933	0	0
2023-10-09	3934	0	0
2023-10-10	3935	0	0
2023-10-11	3936	0	0
2023-10-12	3937	0	0
2023-10-13	3938	0	0
2023-10-14	3939	0	0
2023-10-15	3940	0	0
2023-10-16	3941	0	0
2023-10-17	3942	0	0
2023-10-18	3943	0	0
2023-10-19	3944	0	0
2023-10-20	3945	0	0
2023-10-21	3946	0	0
2023-10-22	3947	0	0
2023-10-23	3948	0	0
2023-10-24	3949	0	0
2023-10-25	3950	0	0
2023-10-26	3951	0	0
2023-10-27	3952	0	0
2023-10-28	3953	0	0
2023-10-29	3954	0	0
2023-10-30	3955	0	0
2023-10-31	3956	0	0
2023-11-01	3957	0	0
2023-11-02	3958	0	0
2023-11-03	3959	0	0
2023-11-04	3960	0	0
2023-11-05	3961	0	0
2023-11-06	3962	0	0
2023-11-07	3963	0	0
2023-11-08	3964	0	0
2023-11-09	3965	0	0
2023-11-10	3966	0	0
2023-11-11	3967	0	0
2023-11-12	3968	0	0
2023-11-13	3969	0	0
2023-11-14	3970	0	0
2023-11-15	3971	0	0
2023-11-16	3972	0	0
2023-11-17	3973	0	0
2023-11-18	3974	0	0
2023-11-19	3975	0	0
2023-11-20	3976	0	0
2023-11-21	3977	0	0
2023-11-22	3978	0	0
2023-11-23	3979	0	0
2023-11-24	3980	0	0
2023-11-25	3981	0	0
2023-11-26	3982	0	0
2023-11-27	3983	0	0
2023-11-28	3984	0	0
2023-11-29	3985	0	0
2023-11-30	3986	0	0
2023-12-01	3987	0	0
2023-12-02	3988	0	0
2023-12-03	3989	0	0
2023-12-04	3990	0	0
2023-12-05	3991	0	0
2023-12-06	3992	0	0
2023-12-07	3993	0	0
2023-12-08	3994	0	0
2023-12-09	3995	0	0
2023-12-10	3996	0	0
2023-12-11	3997	0	0
2023-12-12	3998	0	0
2023-12-13	3999	0	0
2023-12-14	4000	0	0
2023-12-15	4001	0	0
2023-12-16	4002	0	0
2023-12-17	4003	0	0
2023-12-18	4004	0	0
2023-12-19	4005	0	0
2023-12-20	4006	0	0
2023-12-21	4007	0	0
2023-12-22	4008	0	0
2023-12-23	4009	0	0
2023-12-24	4010	0	0
2023-12-25	4011	0	0
2023-12-26	4012	0	0
2023-12-27	4013	0	0
2023-12-28	4014	0	0
2023-12-29	4015	0	0
2023-12-30	4016	0	0
2023-12-31	4017	0	0
